2.910896117509930150e+02
2.945346252073422875e+02
2.903141810022329992e+02
2.870402081858311476e+02
2.822062008614232695e+02
2.872189824090478396e+02
2.838261800239328068e+02
3.076204948319062282e+02
2.849606192421992432e+02
2.904112278850033704e+02
2.934935605244067460e+02
2.845414351628365353e+02
2.257135971204765497e+02
3.067268704899718159e+02
2.659661027824765824e+02
2.368973974268753864e+02
2.739102759690268840e+02
2.229810273112996413e+02
2.301909592875540227e+02
2.884047044438693206e+02
2.873825561365622434e+02
2.952033430995256822e+02
2.733576953057914807e+02
2.859359757803009074e+02
2.784397500712543092e+02
3.002281286601087800e+02
2.851367550833788869e+02
3.024737226033357729e+02
2.433977315117693934e+02
2.835956314052277207e+02
2.645955958000893702e+02
2.825387318426514867e+02
2.768451208515716075e+02
2.717187581260647562e+02
2.874706930718868421e+02
2.587184525853858190e+02
2.538389191602621224e+02
2.854719453771994040e+02
2.853661282480500745e+02
2.852428699430823258e+02
2.343766003396594328e+02
