2.013407125107429465e+02
1.999684761244497508e+02
1.900496082645211402e+02
1.818243770814100060e+02
1.900332382577706198e+02
1.853444444395522055e+02
1.738435965757828114e+02
1.886077151917934884e+02
1.833295491554636385e+02
1.501076918213182978e+02
1.872858126575681297e+02
1.971464106796450722e+02
1.999912401521079346e+02
2.157283210656389087e+02
1.878343503937671812e+02
1.819663826362689747e+02
1.810131148849127953e+02
1.799174831902100777e+02
1.742976616514546890e+02
1.802111735798038978e+02
1.582313429336206525e+02
1.877730034322762833e+02
1.916745634322140290e+02
1.649035053809954263e+02
1.686994208963973847e+02
1.617606284525852232e+02
1.969552216748518561e+02
