2.391426543991772746e+02
2.323294382569240781e+02
2.505683992437514860e+02
2.338523499606179996e+02
2.284872483298185841e+02
2.299437374590661136e+02
2.506105041230723884e+02
2.338534462494977220e+02
2.284927364177547133e+02
2.253494025272418355e+02
2.123771663480287941e+02
2.252851148496459075e+02
2.332401534788498623e+02
2.171154237830702414e+02
2.300882078484424653e+02
2.257362498757066192e+02
2.157120179132240594e+02
2.096058563318811423e+02
2.403141575370345890e+02
2.408597494559014365e+02
2.149634220649264194e+02
2.270497938012784687e+02
2.223184332866169370e+02
2.201679942604378653e+02
2.301904884767676833e+02
2.190770927779232693e+02
2.295047710301577695e+02
2.222844876659303281e+02
2.233961654276584170e+02
2.180468522988133202e+02
1.867239230772430858e+02
2.312563687744475942e+02
2.338909331387259272e+02
2.459579492815397543e+02
2.049768333424686375e+02
2.566177692034736424e+02
2.270649452619822455e+02
2.338196697980719136e+02
1.930075137526121125e+02
2.098326430237771945e+02
2.150214602081100850e+02
2.098038855312379667e+02
2.068696459546759172e+02
2.013696076990147219e+02
2.290777797625476353e+02
2.284951017936515143e+02
1.409649411330162820e+02
1.422262345716339667e+02
9.078507493587035526e+01
2.225029476323340134e+02
1.653996297976522669e+02
2.396172891406413612e+02
1.561637530884780176e+02
1.618803811655662059e+02
2.292278041826881747e+02
1.772589849661098071e+02
1.551514375121106468e+02
6.081700541282002348e+01
2.392729943075478047e+02
2.133576120589535492e+02
2.203723131367797805e+02
2.288213747031157084e+02
2.434580247478944273e+02
2.465498990758698881e+02
2.207694571664228818e+02
2.376489465596475839e+02
2.496198648151317911e+02
2.532024475311354479e+02
2.160599665091625639e+02
2.160339985036773669e+02
2.187676823148074448e+02
2.249684408826076947e+02
2.067104890179322183e+02
2.191571840394927904e+02
2.301346666413108153e+02
2.199756047359942670e+02
2.276873148019995767e+02
2.257211958569698425e+02
2.256662840408186526e+02
2.295152989947341382e+02
2.044509928793288225e+02
2.444136172052899667e+02
2.197879966961733089e+02
2.305727869819412490e+02
2.841386636985616860e+02
2.002510533577975593e+02
2.147044418641471282e+02
2.257217141904123707e+02
2.304272864542380432e+02
2.101006940609056528e+02
2.426209298509694179e+02
2.275031899079655204e+02
2.091171219703225290e+02
2.215667162306060050e+02
2.114593268467158396e+02
1.640769174250059734e+02
1.700044762026251703e+02
2.274488818693030510e+02
2.121264555647698273e+02
2.229840999878565810e+02
2.340451638074419805e+02
2.157737131191581170e+02
1.430023840786116409e+02
2.194710981937247709e+02
2.162682437330936978e+02
2.018022774827768728e+02
1.976780721829406104e+02
2.113254136732232951e+02
1.614698735609789253e+02
2.675979983219697829e+02
1.741514183481823466e+02
1.364064680862709906e+02
2.357705793607864564e+02
2.031738634776221488e+02
1.917162998561506697e+02
1.691345289164209191e+02
1.864944691692006131e+02
1.909335222912605730e+02
2.126777404211944997e+02
1.966697358711913921e+02
1.670779459459802467e+02
