2.905197737632770441e+02
2.953980120224059647e+02
2.943248585334559948e+02
2.962428916233033647e+02
3.003385950294437521e+02
2.985185831497913682e+02
2.943858778892990813e+02
2.962185416311201038e+02
3.003208414490774203e+02
3.096706211433770477e+02
2.861016196064532551e+02
3.096173764705070539e+02
2.824162238226791146e+02
2.939234349580460730e+02
2.973225530285246805e+02
2.951745224072100768e+02
2.969201344334908299e+02
2.818782822536650770e+02
2.884803689040928703e+02
2.877078227283611795e+02
2.920514118006993272e+02
2.836284269176543376e+02
2.850940616976654383e+02
2.985475484743027437e+02
2.823627469697424885e+02
3.031611487522411039e+02
2.921476441237043673e+02
2.850813925719163535e+02
2.879394964114213167e+02
2.861910723219609736e+02
3.098255757572857760e+02
2.614267818406127049e+02
3.205607850300195310e+02
2.470641574564776590e+02
3.045297049656982722e+02
2.637823594171696868e+02
2.654212169088182236e+02
2.255054386430386728e+02
3.126560748849865377e+02
2.756627566992020775e+02
2.969883667025253544e+02
2.577251853673948858e+02
2.543490546885269339e+02
2.324422033328372663e+02
2.927513936346737182e+02
2.691272938620163018e+02
1.928868245536011727e+02
2.027266485537105325e+02
1.930879108512557991e+02
3.114004411644419292e+02
3.332951277098483160e+02
2.441229730568454954e+02
2.683275703552120603e+02
1.649626532850482477e+02
2.631457883888173797e+02
1.813198687584581421e+02
2.325336386731873120e+02
1.758877656558987894e+02
2.147050650817475344e+02
2.614714828064990684e+02
2.957753058129598003e+02
2.915259333475301560e+02
2.107742667263926819e+02
2.794050369410724102e+02
2.734386212855700364e+02
2.630815778803428771e+02
2.787288895910432416e+02
2.796905715198357143e+02
2.776720647087541920e+02
2.776781795764310345e+02
3.009974119571049300e+02
2.920802299332842153e+02
2.875556244839729061e+02
3.101394149091116219e+02
2.987818685040735431e+02
3.127052650498899879e+02
2.920375527181366238e+02
2.661303873893703553e+02
2.661894698169905382e+02
2.927543042543192655e+02
2.727200184257355886e+02
2.959824834620542902e+02
3.172909412241228324e+02
3.030195925613988948e+02
2.744118866320082475e+02
2.680045376102020782e+02
2.668755214862190428e+02
2.830559904303379994e+02
3.080601759675618609e+02
2.351762250736858562e+02
3.098692324264090416e+02
3.215743871079455971e+02
2.935684857470706106e+02
2.847592608378428167e+02
3.263753577636906584e+02
2.637790763464965380e+02
2.764611370735710807e+02
2.206955959109051832e+02
2.730153016935468031e+02
2.797192564089072562e+02
2.995940971045126844e+02
3.609017151651545419e+02
1.331056708229849050e+02
2.708766497712837236e+02
2.559981338139130003e+02
3.070059586544519448e+02
2.658088865241591066e+02
3.308121548001575434e+02
2.818466306943500399e+02
2.517885057734365546e+02
2.584508036443799028e+02
2.251676113973000497e+02
4.290803671499749044e+02
2.512424672461731916e+02
2.649056278772580413e+02
1.070441187131429359e+02
2.267980060662468134e+02
2.778203257044149268e+02
1.812596712550859195e+02
2.769795462683127312e+02
2.839606583741863233e+02
