2.898300178148907662e+02
2.937683721238058752e+02
2.857905615326459383e+02
3.017513411336757940e+02
2.894663300073947312e+02
2.747471059997821499e+02
2.860113633079413944e+02
2.751889453106480801e+02
2.778419911922545111e+02
2.778020514341641842e+02
2.921088580879233518e+02
2.723445634491727674e+02
2.815023989302635528e+02
2.915777722422376428e+02
2.813858277774810972e+02
2.444428036805837507e+02
2.531882622545332140e+02
2.516942595340585740e+02
2.602300436206897416e+02
1.967085175307068710e+02
2.891491630949263936e+02
2.907593008588932548e+02
2.569921200268367443e+02
2.621499742765826113e+02
2.980784054156260936e+02
2.864139890713648811e+02
2.909950170527690148e+02
2.629059017582652018e+02
2.868619158283092929e+02
2.449994269393088757e+02
