1.938343561730418685e+02
1.968684090778057794e+02
1.811053277945644311e+02
1.843371030835609190e+02
1.935331147771976816e+02
1.853419154950157690e+02
1.848894983134219103e+02
1.987387490741102454e+02
1.907497797845988430e+02
1.974599706501562366e+02
2.193947292394973658e+02
1.816430828405122782e+02
1.666737369648992058e+02
1.841406216024244316e+02
1.156684485285309307e+02
1.293029782804409535e+02
1.772488914125698329e+02
1.922539463620635445e+02
1.883083060460047875e+02
1.786608212705319261e+02
1.796934143783775539e+02
1.834080425267180203e+02
1.733224169935791110e+02
1.746608342020232101e+02
1.270447049756209026e+02
1.936200274931305785e+02
1.241821343725971190e+02
1.685560401856272961e+02
1.607157236192611549e+02
1.898086762998414940e+02
1.708418684870607933e+02
1.687461398474055727e+02
1.604975150357072664e+02
1.177198873168384381e+02
1.801532978004437098e+02
1.444997713964485229e+02
