2.913093153597314426e+02
2.946348654329039505e+02
2.898597302551713142e+02
3.043425194405257344e+02
2.903094253292537132e+02
2.709792930744714567e+02
2.874347370684242264e+02
2.821525811512880182e+02
2.790352190979575653e+02
2.852040598284229986e+02
2.969557391305348233e+02
2.831524652741665591e+02
2.835101295839280056e+02
2.895291226725302636e+02
2.865732496110059060e+02
2.288972915168532438e+02
2.317751151301631864e+02
1.810874034439805484e+02
2.759807417331228407e+02
2.837293240965255450e+02
1.603779450294226763e+02
2.091716789759152846e+02
2.558709817860215310e+02
2.847508084103160968e+02
2.626627517452072311e+02
2.761390092697985210e+02
3.015841819202118472e+02
2.972849032550234938e+02
3.036303684469287987e+02
2.607097047394897231e+02
2.444170314710537468e+02
3.075029672821982558e+02
3.190931937169179946e+02
2.776784456595134429e+02
2.878083373470374227e+02
2.341025020836742954e+02
2.349494745225389067e+02
2.489822305998124250e+02
2.807619365908111035e+02
2.946505307652147962e+02
2.699943773936516891e+02
2.408844387971807919e+02
2.466562894683886782e+02
