2.912445895095209494e+02
2.946382849328964539e+02
2.870782163570954708e+02
3.029352701028224715e+02
2.903137242279989323e+02
2.738396618130387310e+02
2.850678939598793136e+02
2.759213300775692232e+02
2.846668024761719948e+02
2.044648887887015292e+02
2.544191744376160216e+02
2.395918610592341338e+02
2.740857694507595284e+02
2.780358091889890488e+02
1.609081986156016058e+02
2.200928860401478175e+02
2.596689811749626529e+02
2.892434687120882018e+02
2.847788347702615397e+02
3.001843437625994966e+02
2.697673816049150446e+02
2.607511260883480873e+02
2.585995705002010254e+02
2.972927906427345306e+02
2.542033645454957878e+02
3.031409480419674765e+02
2.221721810048260579e+02
3.001771144936276983e+02
2.575038280424477648e+02
2.780007477133360680e+02
2.689297185867969802e+02
2.845104659780379848e+02
2.927229051514147500e+02
2.719944595924255282e+02
2.565013471875596451e+02
2.562186892060339005e+02
