1.998282475474080968e+02
2.071771915964399682e+02
1.920775773720796735e+02
1.906923466180644766e+02
1.977091486638171034e+02
1.980620397392370080e+02
1.816815338326841811e+02
1.917470709416296586e+02
2.027680304768456097e+02
1.983874887646147727e+02
1.660468948712980364e+02
1.991493222804531626e+02
1.741993853901475120e+02
1.802067496127566244e+02
1.536659750742048232e+02
1.771123480290279417e+02
1.943973799848599526e+02
1.866489447419379815e+02
1.927172167281771920e+02
2.089980217216366327e+02
2.081638451740174105e+02
1.859665681139749438e+02
1.800576520558401512e+02
1.859950790425571086e+02
2.083520952053837618e+02
1.850158900871757623e+02
1.918534699671961619e+02
1.948790661407251150e+02
1.843700138683113892e+02
1.824069213539115708e+02
1.987893068912175920e+02
1.644842019221702571e+02
1.758097913046714780e+02
1.947655035964320120e+02
1.697941983978315079e+02
1.501234013141281878e+02
