2.904706633215432703e+02
2.953910847064180416e+02
2.943636348367071491e+02
2.962537978340653240e+02
3.003686979158707686e+02
2.984406592257668649e+02
2.943193999455870085e+02
2.961785994402889060e+02
3.003421420743740100e+02
3.018649267149774005e+02
2.939349172296734878e+02
3.019610837836467567e+02
2.801563153875080729e+02
2.860984853134734749e+02
2.888279658807194892e+02
2.921648431925132172e+02
3.200908287077593855e+02
3.200655772845877891e+02
2.775777576694040363e+02
2.939120128003367540e+02
2.862594783999977608e+02
2.985000549819051230e+02
2.972196573696079440e+02
3.147433073765939753e+02
2.972907086253563307e+02
3.051739596227877769e+02
2.640594032333602286e+02
2.819026740995847149e+02
2.936494969799451269e+02
2.784697259411343566e+02
2.501519404584223309e+02
2.614719931000606152e+02
2.940054384994682550e+02
2.915627457521854353e+02
2.308558169990105000e+02
2.305033802805169501e+02
2.872064543211355954e+02
2.439182936802474728e+02
2.421043105988021864e+02
2.996674177972474240e+02
2.920399228592367535e+02
2.951917648600809230e+02
2.875444350026467077e+02
1.658934056425300696e+02
1.908751496383790709e+02
2.514571051722759591e+02
1.459964995494864013e+02
2.195483087359413901e+02
2.255595408889682574e+02
3.145326466620737165e+02
1.545945572307922475e+02
2.800098479996755714e+02
2.728788492837509239e+02
2.792482715938736533e+02
1.806482091563588597e+02
1.344458546568388613e+02
2.058932028791729749e+02
3.467660459418664800e+02
3.283831108452917533e+02
2.779383527984445550e+02
2.837016985823757409e+02
3.166314809687541469e+02
2.638146891347579412e+02
2.884261358893050442e+02
2.003111775772379417e+02
2.655231739589047493e+02
2.851547778225099137e+02
2.850428512584699092e+02
2.794187014576793331e+02
2.824056208251167277e+02
2.985993451676126256e+02
2.787321809909166745e+02
3.031053660496230577e+02
2.511198611230887536e+02
2.646875395392004293e+02
2.758805214987077647e+02
2.665711149208344750e+02
2.971023752029631737e+02
2.795759035527327114e+02
2.879874767638190747e+02
2.776432484956837357e+02
2.776317168649882774e+02
3.009376456588354927e+02
2.747716289960276299e+02
2.921177469255530923e+02
2.526361722699007828e+02
2.873881838159908284e+02
3.101527979180664829e+02
2.941810454868014517e+02
2.547638835190416273e+02
2.996296617777111919e+02
3.126876230426191796e+02
3.029314809995150313e+02
2.662345668787560840e+02
2.662136590585319027e+02
2.879716982973857284e+02
2.927270924483411818e+02
2.616565777439905673e+02
2.931747831238834578e+02
3.169007226348174981e+02
3.030286608445485967e+02
2.835575655847013650e+02
2.184378142275413097e+02
2.743901468991775801e+02
2.541686494228463289e+02
2.669576321650231421e+02
2.658727039993511312e+02
3.079847612896720079e+02
3.019297678972267818e+02
2.457704517168457414e+02
3.163393902949987933e+02
3.189129360818806163e+02
3.213863919419539457e+02
2.932896095773208458e+02
2.365541478783748630e+02
3.112738267808830983e+02
2.932424577923545144e+02
3.007294643187299243e+02
2.846800054246243121e+02
2.823396322027131191e+02
2.730168543891531954e+02
2.764536697584091485e+02
2.186054053393091010e+02
2.681466343089367115e+02
2.700488615182574677e+02
3.486099071185020648e+02
3.404777248765718696e+02
2.652372141325937491e+02
2.937401385053085505e+02
2.512851776135623538e+02
2.882234504322150315e+02
2.776568116860639179e+02
3.078517626631212920e+02
3.215118360516913754e+02
3.243519544624178366e+02
2.713689107266694123e+02
2.778928752334376782e+02
2.879666671629260009e+02
2.461441987006475642e+02
2.724602652630417765e+02
2.641545756636704141e+02
1.940384585942604758e+02
3.020550059198080817e+02
4.287576765407674202e+02
1.499561296293358055e+02
2.730810823678483530e+02
2.925280963122846742e+02
2.432259586493483425e+02
2.114635950727363820e+02
2.519389060713607762e+02
2.293436890213710342e+02
2.497200705091960060e+02
1.461835398613997938e+02
2.283840742461737534e+02
