2.917231861670846911e+02
2.930989590065525476e+02
2.919158102261034742e+02
2.875080321405861241e+02
2.844506939937418792e+02
2.891272156459431244e+02
3.029180253307744692e+02
2.448154898670865691e+02
2.460802664375189863e+02
2.121972929437028483e+02
2.735679900108139577e+02
2.820186853502728468e+02
2.654857413545770441e+02
2.612313077005626951e+02
2.845514452453704166e+02
2.771904358746983803e+02
3.003242648650141859e+02
2.755659351331863718e+02
2.682684743956792204e+02
3.044789489776120490e+02
2.907245790014072213e+02
2.416266118646531424e+02
2.980858323796500713e+02
2.703090562923647440e+02
2.878869513675543317e+02
2.537926895078282996e+02
2.833649668254819858e+02
