1.938125360608547965e+02
1.968799287695762814e+02
1.852472217249722917e+02
1.835042074817239950e+02
1.935329578962170274e+02
1.881148448961287443e+02
1.869795911563262507e+02
1.818623778076987207e+02
1.864036212960633065e+02
1.894035113487919944e+02
1.769734528749811204e+02
1.918539616155411238e+02
1.753578709677084362e+02
1.828502075241127613e+02
1.676137718841534934e+02
1.936446019833935566e+02
1.699426596131586678e+02
1.951913340463195823e+02
2.281273590597663485e+02
1.998971489105356909e+02
1.118613152092982688e+02
1.157718912210368529e+02
1.660628598793093431e+02
1.789839952188299890e+02
1.758104021446116292e+02
1.230410531271626411e+02
1.539891756988522218e+02
1.746695300673215172e+02
1.867732443387433818e+02
1.801505309332400486e+02
1.861335654990609498e+02
1.746130938669609804e+02
1.573877086649861212e+02
1.767814239176145463e+02
1.737539048723627673e+02
1.230852653684225118e+02
1.603140002517696416e+02
2.190453181065130934e+02
1.650144932597439720e+02
1.444323923122097995e+02
1.627662943188348663e+02
1.369012016415207427e+02
1.433595101165269625e+02
