2.891276667251221966e+02
2.935690039935237792e+02
2.922572317526150414e+02
2.946723520518727355e+02
2.978830760519512637e+02
2.959632262503945981e+02
2.922016566507262496e+02
2.946913264961130494e+02
2.979881559275371501e+02
3.063517167608913496e+02
2.823322646671890652e+02
3.063211274952358849e+02
2.775803338032572469e+02
2.885829680645815642e+02
2.945994872036000629e+02
2.931476342515509259e+02
2.904197040220892063e+02
2.776351759110398802e+02
2.869534683159903352e+02
2.850277211945912086e+02
2.882201669082901958e+02
2.801773109803219768e+02
2.822603462699964894e+02
2.958708345617636155e+02
2.792085374805174638e+02
3.003345300961120756e+02
2.874688125186377192e+02
2.822016189409911817e+02
2.852393432974105849e+02
2.808070646064549578e+02
3.047640162240779773e+02
2.572701295074865016e+02
3.184833160364098603e+02
2.430033169289227999e+02
2.942818032063203759e+02
3.077226894443822403e+02
2.600597370201773515e+02
2.596178522395277923e+02
2.157195318640131632e+02
2.698642786727008342e+02
2.928346325702913191e+02
2.515293032101816380e+02
2.493881460165294470e+02
2.257468463839593369e+02
2.838612214516571726e+02
2.614834651271942221e+02
1.854424010459199224e+02
1.848218430259674676e+02
1.979777860582181290e+02
1.733220621509215675e+02
2.606891597419331106e+02
2.547840923052217192e+02
2.087728331550072483e+02
1.486425193161259983e+02
2.862620194375243727e+02
2.036606236191872483e+02
2.863636812860662531e+02
2.634509045340141142e+02
2.552686668549832518e+02
2.760986434454226242e+02
2.753022380884338531e+02
2.725793637519960271e+02
1.772945352211694967e+02
2.733527727043599498e+02
2.872382373116074632e+02
2.733692555013063838e+02
2.938140279243913255e+02
3.064818908967826019e+02
3.232781046583111220e+02
2.995184162487282151e+02
2.579321792713244577e+02
2.370926409872107570e+02
2.207200973402931936e+02
3.098115467526524753e+02
2.806729086988964355e+02
3.114249880595086779e+02
2.854653200479901329e+02
2.626294201233370700e+02
2.627314866261345401e+02
2.899086828594885219e+02
2.921078829155540006e+02
2.623714163731413009e+02
2.625576037257209805e+02
3.002931510867108500e+02
3.144102763347927976e+02
2.631555129393088350e+02
2.808725208168175413e+02
2.288034641431842715e+02
3.041742284620703458e+02
2.545708664071885039e+02
3.082732449127381642e+02
3.146879928167211347e+02
3.122067036697223443e+02
2.878803190853566889e+02
2.819533073525200280e+02
2.594287532888623105e+02
2.774532830760296633e+02
2.670631702754862999e+02
2.422089860282859490e+02
2.191782410248277131e+02
2.637877679478777964e+02
2.954549298760304623e+02
3.526887670387758931e+02
2.969120879473871355e+02
2.669595182254450947e+02
2.622550042865438513e+02
2.497185677607795924e+02
3.238018732900730470e+02
2.721078850594256551e+02
1.306079402073716551e+02
3.044996797959989863e+02
1.945091627232118867e+02
2.307860692474720281e+02
3.514210993936837895e+02
2.428520715587672214e+02
2.555005377504387241e+02
2.321778322182414911e+02
2.615168188584456743e+02
2.576798132396189658e+02
2.687702791123492148e+02
2.927499618237332015e+02
