 21.000000  12.000000        9
 22.000000  12.000000        9
 23.000000  12.000000        9
 24.000000  12.000000        9
 25.000000  12.000000        7
 19.000000  13.000000        8
 20.000000  13.000000        9
 21.000000  13.000000        9
 22.000000  13.000000        9
 23.000000  13.000000        9
 24.000000  13.000000        9
 25.000000  13.000000        7
 26.000000  13.000000        7
 27.000000  13.000000        7
 17.000000  14.000000        8
 18.000000  14.000000        8
 19.000000  14.000000        8
 20.000000  14.000000        9
 21.000000  14.000000        9
 22.000000  14.000000        9
 23.000000  14.000000        9
 24.000000  14.000000        7
 25.000000  14.000000        7
 26.000000  14.000000        7
 27.000000  14.000000        7
 28.000000  14.000000        7
 29.000000  14.000000       20
 16.000000  15.000000        8
 17.000000  15.000000        8
 18.000000  15.000000        8
 19.000000  15.000000        8
 20.000000  15.000000        8
 21.000000  15.000000        9
 22.000000  15.000000        9
 23.000000  15.000000        9
 24.000000  15.000000        7
 25.000000  15.000000        7
 26.000000  15.000000        7
 27.000000  15.000000        7
 28.000000  15.000000        7
 29.000000  15.000000       20
 30.000000  15.000000       20
 15.000000  16.000000        8
 16.000000  16.000000        8
 17.000000  16.000000        8
 18.000000  16.000000        8
 19.000000  16.000000        8
 20.000000  16.000000        8
 21.000000  16.000000        6
 22.000000  16.000000        6
 23.000000  16.000000        6
 24.000000  16.000000        7
 25.000000  16.000000        7
 26.000000  16.000000        7
 27.000000  16.000000        7
 28.000000  16.000000       20
 29.000000  16.000000       20
 30.000000  16.000000       20
 31.000000  16.000000       20
 15.000000  17.000000       12
 16.000000  17.000000        8
 17.000000  17.000000        8
 18.000000  17.000000        8
 19.000000  17.000000        8
 20.000000  17.000000        8
 21.000000  17.000000        6
 22.000000  17.000000        6
 23.000000  17.000000        6
 24.000000  17.000000        6
 25.000000  17.000000        7
 26.000000  17.000000        7
 27.000000  17.000000        7
 28.000000  17.000000       20
 29.000000  17.000000       20
 30.000000  17.000000       20
 31.000000  17.000000       20
 14.000000  18.000000       12
 15.000000  18.000000       12
 16.000000  18.000000       12
 17.000000  18.000000        8
 18.000000  18.000000        8
 19.000000  18.000000        8
 20.000000  18.000000        8
 21.000000  18.000000        6
 22.000000  18.000000        6
 23.000000  18.000000        6
 24.000000  18.000000        6
 25.000000  18.000000        3
 26.000000  18.000000        5
 27.000000  18.000000        5
 28.000000  18.000000        5
 29.000000  18.000000       20
 30.000000  18.000000       20
 31.000000  18.000000       20
 32.000000  18.000000       20
 14.000000  19.000000       12
 15.000000  19.000000       12
 16.000000  19.000000       12
 17.000000  19.000000       12
 18.000000  19.000000       10
 19.000000  19.000000       10
 20.000000  19.000000       10
 21.000000  19.000000        2
 22.000000  19.000000        2
 23.000000  19.000000        2
 24.000000  19.000000        3
 25.000000  19.000000        3
 26.000000  19.000000        5
 27.000000  19.000000        5
 28.000000  19.000000        5
 29.000000  19.000000       20
 30.000000  19.000000       21
 31.000000  19.000000       21
 32.000000  19.000000       21
 13.000000  20.000000       12
 14.000000  20.000000       12
 15.000000  20.000000       12
 16.000000  20.000000       12
 17.000000  20.000000       12
 18.000000  20.000000       10
 19.000000  20.000000       10
 20.000000  20.000000       10
 21.000000  20.000000        2
 22.000000  20.000000        2
 23.000000  20.000000        2
 24.000000  20.000000        3
 25.000000  20.000000        3
 26.000000  20.000000        5
 27.000000  20.000000        5
 28.000000  20.000000        5
 29.000000  20.000000       21
 30.000000  20.000000       21
 31.000000  20.000000       21
 32.000000  20.000000       21
 33.000000  20.000000       21
 13.000000  21.000000       12
 14.000000  21.000000       12
 15.000000  21.000000       12
 16.000000  21.000000       12
 17.000000  21.000000       12
 18.000000  21.000000       10
 19.000000  21.000000       10
 20.000000  21.000000       10
 21.000000  21.000000       11
 22.000000  21.000000        1
 23.000000  21.000000        0
 24.000000  21.000000        0
 25.000000  21.000000        4
 26.000000  21.000000        4
 27.000000  21.000000       18
 28.000000  21.000000       18
 29.000000  21.000000       21
 30.000000  21.000000       21
 31.000000  21.000000       21
 32.000000  21.000000       21
 33.000000  21.000000       21
 13.000000  22.000000       12
 14.000000  22.000000       12
 15.000000  22.000000       12
 16.000000  22.000000       13
 17.000000  22.000000       13
 18.000000  22.000000       13
 19.000000  22.000000       10
 20.000000  22.000000       11
 21.000000  22.000000       11
 22.000000  22.000000        1
 23.000000  22.000000        1
 24.000000  22.000000        0
 25.000000  22.000000        4
 26.000000  22.000000        4
 27.000000  22.000000       18
 28.000000  22.000000       18
 13.000000  23.000000       13
 14.000000  23.000000       13
 15.000000  23.000000       13
 16.000000  23.000000       13
 17.000000  23.000000       13
 18.000000  23.000000       13
 19.000000  23.000000       13
 20.000000  23.000000       11
 21.000000  23.000000       11
 22.000000  23.000000       15
 23.000000  23.000000       15
 24.000000  23.000000       16
 25.000000  23.000000       16
 26.000000  23.000000       19
 27.000000  23.000000       18
 28.000000  23.000000       18
 13.000000  24.000000       13
 14.000000  24.000000       13
 15.000000  24.000000       13
 16.000000  24.000000       13
 17.000000  24.000000       13
 18.000000  24.000000       13
 19.000000  24.000000       14
 20.000000  24.000000       14
 21.000000  24.000000       14
 22.000000  24.000000       15
 23.000000  24.000000       15
 24.000000  24.000000       16
 25.000000  24.000000       16
 26.000000  24.000000       19
 27.000000  24.000000       19
 15.000000  25.000000       13
 16.000000  25.000000       13
 17.000000  25.000000       13
 18.000000  25.000000       13
 19.000000  25.000000       14
 20.000000  25.000000       14
 21.000000  25.000000       14
 23.000000  25.000000       17
 24.000000  25.000000       17
 25.000000  25.000000       22
 26.000000  25.000000       22
 27.000000  25.000000       22
 15.000000  26.000000       13
 16.000000  26.000000       13
 17.000000  26.000000       25
 18.000000  26.000000       25
 19.000000  26.000000       25
 20.000000  26.000000       14
 21.000000  26.000000       14
 22.000000  26.000000       17
 23.000000  26.000000       17
 24.000000  26.000000       17
 25.000000  26.000000       22
 26.000000  26.000000       22
 27.000000  26.000000       22
 28.000000  26.000000       26
 15.000000  27.000000       25
 16.000000  27.000000       25
 17.000000  27.000000       25
 18.000000  27.000000       25
 19.000000  27.000000       25
 20.000000  27.000000       25
 21.000000  27.000000       23
 22.000000  27.000000       23
 23.000000  27.000000       17
 24.000000  27.000000       17
 25.000000  27.000000       22
 26.000000  27.000000       22
 27.000000  27.000000       26
 28.000000  27.000000       26
 15.000000  28.000000       25
 16.000000  28.000000       25
 17.000000  28.000000       25
 18.000000  28.000000       25
 19.000000  28.000000       25
 20.000000  28.000000       23
 21.000000  28.000000       23
 22.000000  28.000000       23
 23.000000  28.000000       24
 24.000000  28.000000       24
 25.000000  28.000000       24
 26.000000  28.000000       24
 27.000000  28.000000       26
 28.000000  28.000000       26
 29.000000  28.000000       26
 30.000000  28.000000       26
 31.000000  28.000000       26
 16.000000  29.000000       25
 17.000000  29.000000       25
 18.000000  29.000000       25
 19.000000  29.000000       25
 20.000000  29.000000       23
 21.000000  29.000000       23
 22.000000  29.000000       23
 23.000000  29.000000       24
 24.000000  29.000000       24
 25.000000  29.000000       24
 26.000000  29.000000       24
 27.000000  29.000000       26
 28.000000  29.000000       26
 29.000000  29.000000       26
 30.000000  29.000000       26
 17.000000  30.000000       25
 18.000000  30.000000       25
 19.000000  30.000000       23
 20.000000  30.000000       23
 21.000000  30.000000       23
 22.000000  30.000000       23
 23.000000  30.000000       24
 24.000000  30.000000       24
 25.000000  30.000000       24
 26.000000  30.000000       24
 27.000000  30.000000       26
 28.000000  30.000000       26
 29.000000  30.000000       26
 19.000000  31.000000       23
 20.000000  31.000000       23
 21.000000  31.000000       23
 22.000000  31.000000       23
 23.000000  31.000000       24
 24.000000  31.000000       24
 25.000000  31.000000       24
 26.000000  31.000000       24
 27.000000  31.000000       24
 21.000000  32.000000       23
 22.000000  32.000000       23
 23.000000  32.000000       24
 24.000000  32.000000       24
 25.000000  32.000000       24
