 20.000000  10.000000       57
 21.000000  10.000000       48
 22.000000  10.000000       48
 23.000000  10.000000       55
 24.000000  10.000000       55
 25.000000  10.000000       55
 26.000000  10.000000       47
 27.000000  10.000000       47
 28.000000  10.000000       56
 18.000000  11.000000       53
 19.000000  11.000000       57
 20.000000  11.000000       57
 21.000000  11.000000       48
 22.000000  11.000000       48
 23.000000  11.000000       46
 24.000000  11.000000       46
 25.000000  11.000000       55
 26.000000  11.000000       47
 27.000000  11.000000       47
 28.000000  11.000000       56
 29.000000  11.000000       56
 30.000000  11.000000       56
 17.000000  12.000000       53
 18.000000  12.000000       53
 19.000000  12.000000       53
 20.000000  12.000000       57
 21.000000  12.000000       48
 22.000000  12.000000       48
 23.000000  12.000000       46
 24.000000  12.000000       46
 25.000000  12.000000       46
 26.000000  12.000000       47
 27.000000  12.000000       47
 28.000000  12.000000       56
 29.000000  12.000000       56
 30.000000  12.000000       52
 31.000000  12.000000       52
 32.000000  12.000000       52
 17.000000  13.000000       53
 18.000000  13.000000       53
 19.000000  13.000000       53
 20.000000  13.000000       53
 21.000000  13.000000       43
 22.000000  13.000000       43
 23.000000  13.000000       41
 24.000000  13.000000       46
 25.000000  13.000000       42
 26.000000  13.000000       42
 27.000000  13.000000       44
 28.000000  13.000000       44
 29.000000  13.000000       52
 30.000000  13.000000       52
 31.000000  13.000000       52
 32.000000  13.000000      102
 33.000000  13.000000      102
 15.000000  14.000000       58
 16.000000  14.000000       58
 17.000000  14.000000       53
 18.000000  14.000000       53
 19.000000  14.000000       53
 20.000000  14.000000       43
 21.000000  14.000000       43
 22.000000  14.000000       43
 23.000000  14.000000       41
 24.000000  14.000000       41
 25.000000  14.000000       42
 26.000000  14.000000       42
 27.000000  14.000000       44
 28.000000  14.000000       44
 29.000000  14.000000       44
 30.000000  14.000000       52
 31.000000  14.000000       52
 32.000000  14.000000      102
 33.000000  14.000000      102
 34.000000  14.000000      102
 14.000000  15.000000       58
 15.000000  15.000000       58
 16.000000  15.000000       58
 17.000000  15.000000       58
 18.000000  15.000000       45
 19.000000  15.000000       45
 20.000000  15.000000       45
 21.000000  15.000000       43
 22.000000  15.000000       43
 23.000000  15.000000       41
 24.000000  15.000000       41
 25.000000  15.000000       42
 26.000000  15.000000       42
 27.000000  15.000000       44
 28.000000  15.000000       44
 29.000000  15.000000       49
 30.000000  15.000000       49
 31.000000  15.000000       96
 32.000000  15.000000      102
 33.000000  15.000000      102
 34.000000  15.000000      102
 13.000000  16.000000       58
 14.000000  16.000000       58
 15.000000  16.000000       58
 16.000000  16.000000       58
 17.000000  16.000000       58
 18.000000  16.000000       45
 19.000000  16.000000       45
 20.000000  16.000000       45
 21.000000  16.000000       32
 22.000000  16.000000       30
 23.000000  16.000000       30
 24.000000  16.000000       31
 25.000000  16.000000       31
 26.000000  16.000000       33
 27.000000  16.000000       37
 28.000000  16.000000       37
 29.000000  16.000000       49
 30.000000  16.000000       49
 31.000000  16.000000       96
 32.000000  16.000000       96
 33.000000  16.000000       96
 34.000000  16.000000      118
 35.000000  16.000000      118
 13.000000  17.000000       62
 14.000000  17.000000       58
 15.000000  17.000000       58
 16.000000  17.000000       58
 17.000000  17.000000       58
 18.000000  17.000000       54
 19.000000  17.000000       45
 20.000000  17.000000       32
 21.000000  17.000000       32
 22.000000  17.000000       30
 23.000000  17.000000       30
 24.000000  17.000000       31
 25.000000  17.000000       33
 26.000000  17.000000       33
 27.000000  17.000000       37
 28.000000  17.000000       37
 29.000000  17.000000       49
 30.000000  17.000000       49
 31.000000  17.000000       96
 32.000000  17.000000       96
 33.000000  17.000000       96
 34.000000  17.000000      118
 35.000000  17.000000      118
 12.000000  18.000000       62
 13.000000  18.000000       62
 14.000000  18.000000       62
 15.000000  18.000000       62
 16.000000  18.000000       58
 17.000000  18.000000       54
 18.000000  18.000000       54
 19.000000  18.000000       54
 20.000000  18.000000       28
 21.000000  18.000000       28
 22.000000  18.000000       11
 23.000000  18.000000        9
 24.000000  18.000000       16
 25.000000  18.000000       16
 26.000000  18.000000       34
 27.000000  18.000000       34
 28.000000  18.000000       38
 29.000000  18.000000       38
 30.000000  18.000000       50
 31.000000  18.000000       95
 32.000000  18.000000       95
 33.000000  18.000000       95
 34.000000  18.000000      118
 35.000000  18.000000      118
 36.000000  18.000000      118
 12.000000  19.000000       62
 13.000000  19.000000       62
 14.000000  19.000000       62
 15.000000  19.000000       62
 16.000000  19.000000       62
 17.000000  19.000000       54
 18.000000  19.000000       54
 19.000000  19.000000       54
 20.000000  19.000000       28
 21.000000  19.000000       12
 22.000000  19.000000       11
 23.000000  19.000000        9
 24.000000  19.000000       10
 25.000000  19.000000       17
 26.000000  19.000000       20
 27.000000  19.000000       34
 28.000000  19.000000       38
 29.000000  19.000000       50
 30.000000  19.000000       50
 31.000000  19.000000       95
 32.000000  19.000000       95
 33.000000  19.000000      110
 34.000000  19.000000      110
 35.000000  19.000000      116
 36.000000  19.000000      116
 12.000000  20.000000       62
 13.000000  20.000000       62
 14.000000  20.000000       62
 15.000000  20.000000       62
 16.000000  20.000000       65
 17.000000  20.000000       65
 18.000000  20.000000       59
 19.000000  20.000000       59
 20.000000  20.000000       29
 21.000000  20.000000       12
 22.000000  20.000000        8
 23.000000  20.000000        4
 24.000000  20.000000        5
 25.000000  20.000000       14
 26.000000  20.000000       19
 27.000000  20.000000       35
 28.000000  20.000000       35
 29.000000  20.000000       51
 30.000000  20.000000       51
 31.000000  20.000000       97
 32.000000  20.000000       97
 33.000000  20.000000      110
 34.000000  20.000000      110
 35.000000  20.000000      116
 36.000000  20.000000      116
 12.000000  21.000000       62
 13.000000  21.000000       62
 14.000000  21.000000       62
 15.000000  21.000000       65
 16.000000  21.000000       65
 17.000000  21.000000       65
 18.000000  21.000000       60
 19.000000  21.000000       60
 20.000000  21.000000       29
 21.000000  21.000000       13
 22.000000  21.000000        6
 23.000000  21.000000        2
 24.000000  21.000000        1
 25.000000  21.000000       15
 26.000000  21.000000       21
 27.000000  21.000000       36
 28.000000  21.000000       36
 29.000000  21.000000       51
 30.000000  21.000000       51
 31.000000  21.000000       97
 32.000000  21.000000       97
 33.000000  21.000000      110
 34.000000  21.000000      110
 35.000000  21.000000      116
 36.000000  21.000000      116
 12.000000  22.000000       84
 13.000000  22.000000       84
 14.000000  22.000000       84
 15.000000  22.000000       84
 16.000000  22.000000       65
 17.000000  22.000000       65
 18.000000  22.000000       64
 19.000000  22.000000       64
 20.000000  22.000000       61
 21.000000  22.000000       26
 22.000000  22.000000        7
 23.000000  22.000000        3
 24.000000  22.000000        0
 25.000000  22.000000       18
 26.000000  22.000000       24
 27.000000  22.000000       39
 28.000000  22.000000       39
 29.000000  22.000000       80
 30.000000  22.000000       80
 31.000000  22.000000      101
 32.000000  22.000000      101
 33.000000  22.000000      112
 34.000000  22.000000      112
 35.000000  22.000000      112
 36.000000  22.000000      116
 13.000000  23.000000       84
 14.000000  23.000000       84
 15.000000  23.000000       84
 16.000000  23.000000       84
 17.000000  23.000000       84
 18.000000  23.000000       67
 19.000000  23.000000       67
 20.000000  23.000000       66
 21.000000  23.000000       63
 22.000000  23.000000       27
 23.000000  23.000000       22
 24.000000  23.000000       23
 25.000000  23.000000       25
 26.000000  23.000000       40
 27.000000  23.000000       72
 28.000000  23.000000       72
 29.000000  23.000000       80
 30.000000  23.000000       94
 31.000000  23.000000      101
 32.000000  23.000000      101
 33.000000  23.000000      112
 34.000000  23.000000      112
 35.000000  23.000000      112
 36.000000  23.000000      115
 13.000000  24.000000       84
 14.000000  24.000000       84
 15.000000  24.000000       84
 16.000000  24.000000       84
 17.000000  24.000000       76
 18.000000  24.000000       76
 19.000000  24.000000       74
 20.000000  24.000000       74
 21.000000  24.000000       71
 22.000000  24.000000       69
 23.000000  24.000000       68
 24.000000  24.000000       70
 25.000000  24.000000       73
 26.000000  24.000000       75
 27.000000  24.000000       82
 28.000000  24.000000       82
 29.000000  24.000000       94
 30.000000  24.000000       94
 31.000000  24.000000      108
 32.000000  24.000000      108
 33.000000  24.000000      108
 34.000000  24.000000      115
 35.000000  24.000000      115
 36.000000  24.000000      115
 15.000000  25.000000       84
 16.000000  25.000000       84
 17.000000  25.000000       76
 18.000000  25.000000       76
 19.000000  25.000000       85
 20.000000  25.000000       81
 21.000000  25.000000       81
 22.000000  25.000000       78
 23.000000  25.000000       77
 24.000000  25.000000       79
 25.000000  25.000000       83
 26.000000  25.000000       88
 27.000000  25.000000       91
 28.000000  25.000000       91
 29.000000  25.000000      100
 30.000000  25.000000      100
 31.000000  25.000000      108
 32.000000  25.000000      108
 33.000000  25.000000      108
 34.000000  25.000000      115
 35.000000  25.000000      115
 36.000000  25.000000      115
 14.000000  26.000000       84
 15.000000  26.000000       84
 16.000000  26.000000       84
 17.000000  26.000000      104
 18.000000  26.000000       85
 19.000000  26.000000       85
 20.000000  26.000000       89
 21.000000  26.000000       86
 22.000000  26.000000       86
 23.000000  26.000000       87
 24.000000  26.000000       87
 25.000000  26.000000       90
 26.000000  26.000000       90
 27.000000  26.000000       98
 28.000000  26.000000       98
 29.000000  26.000000      100
 30.000000  26.000000      100
 31.000000  26.000000      100
 32.000000  26.000000      111
 33.000000  26.000000      111
 34.000000  26.000000      115
 35.000000  26.000000      115
 36.000000  26.000000      115
 13.000000  27.000000       84
 14.000000  27.000000       84
 15.000000  27.000000       84
 16.000000  27.000000      104
 17.000000  27.000000      104
 18.000000  27.000000      104
 19.000000  27.000000       89
 20.000000  27.000000       89
 21.000000  27.000000       89
 22.000000  27.000000       92
 23.000000  27.000000       92
 24.000000  27.000000       93
 25.000000  27.000000       99
 26.000000  27.000000       99
 27.000000  27.000000      103
 28.000000  27.000000      103
 29.000000  27.000000      109
 30.000000  27.000000      109
 31.000000  27.000000      109
 32.000000  27.000000      111
 33.000000  27.000000      111
 34.000000  27.000000      111
 35.000000  27.000000      115
 13.000000  28.000000       84
 14.000000  28.000000      120
 15.000000  28.000000      120
 16.000000  28.000000      104
 17.000000  28.000000      104
 18.000000  28.000000      104
 19.000000  28.000000      106
 20.000000  28.000000      106
 21.000000  28.000000      106
 22.000000  28.000000       92
 23.000000  28.000000       92
 24.000000  28.000000       93
 25.000000  28.000000       99
 26.000000  28.000000       99
 27.000000  28.000000      103
 28.000000  28.000000      103
 29.000000  28.000000      109
 30.000000  28.000000      109
 31.000000  28.000000      109
 32.000000  28.000000      111
 33.000000  28.000000      111
 34.000000  28.000000      111
 35.000000  28.000000      111
 14.000000  29.000000      120
 15.000000  29.000000      120
 16.000000  29.000000      120
 17.000000  29.000000      120
 18.000000  29.000000      120
 19.000000  29.000000      106
 20.000000  29.000000      106
 21.000000  29.000000      106
 22.000000  29.000000      105
 23.000000  29.000000      105
 24.000000  29.000000      105
 25.000000  29.000000      107
 26.000000  29.000000      107
 27.000000  29.000000      107
 28.000000  29.000000      103
 29.000000  29.000000      109
 30.000000  29.000000      109
 31.000000  29.000000      117
 32.000000  29.000000      117
 33.000000  29.000000      117
 34.000000  29.000000      117
 14.000000  30.000000      120
 15.000000  30.000000      120
 16.000000  30.000000      120
 17.000000  30.000000      120
 18.000000  30.000000      120
 19.000000  30.000000      106
 20.000000  30.000000      106
 21.000000  30.000000      106
 22.000000  30.000000      105
 23.000000  30.000000      105
 24.000000  30.000000      105
 25.000000  30.000000      107
 26.000000  30.000000      107
 27.000000  30.000000      107
 28.000000  30.000000      114
 29.000000  30.000000      114
 30.000000  30.000000      114
 31.000000  30.000000      117
 32.000000  30.000000      117
 33.000000  30.000000      117
 34.000000  30.000000      117
 15.000000  31.000000      120
 16.000000  31.000000      120
 17.000000  31.000000      120
 18.000000  31.000000      120
 19.000000  31.000000      119
 20.000000  31.000000      119
 21.000000  31.000000      119
 22.000000  31.000000      119
 23.000000  31.000000      105
 24.000000  31.000000      113
 25.000000  31.000000      113
 26.000000  31.000000      113
 27.000000  31.000000      114
 28.000000  31.000000      114
 29.000000  31.000000      114
 30.000000  31.000000      114
 31.000000  31.000000      117
 32.000000  31.000000      117
 33.000000  31.000000      117
 16.000000  32.000000      120
 17.000000  32.000000      120
 18.000000  32.000000      120
 19.000000  32.000000      119
 20.000000  32.000000      119
 21.000000  32.000000      119
 22.000000  32.000000      119
 23.000000  32.000000      113
 24.000000  32.000000      113
 25.000000  32.000000      113
 26.000000  32.000000      113
 27.000000  32.000000      114
 28.000000  32.000000      114
 29.000000  32.000000      114
 30.000000  32.000000      114
 31.000000  32.000000      117
 32.000000  32.000000      117
 18.000000  33.000000      119
 19.000000  33.000000      119
 20.000000  33.000000      119
 21.000000  33.000000      119
 22.000000  33.000000      119
 23.000000  33.000000      113
 24.000000  33.000000      113
 25.000000  33.000000      113
 26.000000  33.000000      113
 27.000000  33.000000      114
 28.000000  33.000000      114
 29.000000  33.000000      114
 30.000000  33.000000      114
 20.000000  34.000000      119
 21.000000  34.000000      119
 22.000000  34.000000      119
 23.000000  34.000000      113
 24.000000  34.000000      113
 25.000000  34.000000      113
 26.000000  34.000000      113
 27.000000  34.000000      113
 28.000000  34.000000      114
