 22.000000  12.000000       19
 23.000000  12.000000       19
 24.000000  12.000000       19
 25.000000  12.000000       15
 26.000000  12.000000       15
 20.000000  13.000000       19
 21.000000  13.000000       19
 22.000000  13.000000       19
 23.000000  13.000000       19
 24.000000  13.000000       19
 25.000000  13.000000       15
 26.000000  13.000000       15
 27.000000  13.000000       15
 28.000000  13.000000       15
 18.000000  14.000000       16
 19.000000  14.000000       16
 20.000000  14.000000       16
 21.000000  14.000000       19
 22.000000  14.000000       19
 23.000000  14.000000       19
 24.000000  14.000000       19
 25.000000  14.000000       15
 26.000000  14.000000       15
 27.000000  14.000000       15
 28.000000  14.000000       15
 29.000000  14.000000       15
 30.000000  14.000000       25
 17.000000  15.000000       16
 18.000000  15.000000       16
 19.000000  15.000000       16
 20.000000  15.000000       16
 21.000000  15.000000       14
 22.000000  15.000000       14
 23.000000  15.000000       14
 24.000000  15.000000       14
 25.000000  15.000000       15
 26.000000  15.000000       15
 27.000000  15.000000       15
 28.000000  15.000000       15
 29.000000  15.000000       25
 30.000000  15.000000       25
 31.000000  15.000000       25
 16.000000  16.000000       16
 17.000000  16.000000       16
 18.000000  16.000000       16
 19.000000  16.000000       16
 20.000000  16.000000       16
 21.000000  16.000000       14
 22.000000  16.000000       14
 23.000000  16.000000       14
 24.000000  16.000000       14
 25.000000  16.000000       11
 26.000000  16.000000       15
 27.000000  16.000000       15
 28.000000  16.000000       25
 29.000000  16.000000       25
 30.000000  16.000000       25
 31.000000  16.000000       25
 32.000000  16.000000       25
 16.000000  17.000000       17
 17.000000  17.000000       16
 18.000000  17.000000       16
 19.000000  17.000000       16
 20.000000  17.000000       16
 21.000000  17.000000        3
 22.000000  17.000000        3
 23.000000  17.000000       14
 24.000000  17.000000       11
 25.000000  17.000000       11
 26.000000  17.000000       11
 27.000000  17.000000       11
 28.000000  17.000000       25
 29.000000  17.000000       25
 30.000000  17.000000       25
 31.000000  17.000000       25
 32.000000  17.000000       25
 15.000000  18.000000       17
 16.000000  18.000000       17
 17.000000  18.000000       17
 18.000000  18.000000       16
 19.000000  18.000000       16
 20.000000  18.000000       16
 21.000000  18.000000        3
 22.000000  18.000000        3
 23.000000  18.000000        3
 24.000000  18.000000       11
 25.000000  18.000000       11
 26.000000  18.000000       11
 27.000000  18.000000       12
 28.000000  18.000000       12
 29.000000  18.000000       25
 30.000000  18.000000       25
 31.000000  18.000000       25
 32.000000  18.000000       29
 33.000000  18.000000       29
 15.000000  19.000000       17
 16.000000  19.000000       17
 17.000000  19.000000       17
 18.000000  19.000000       17
 19.000000  19.000000        5
 20.000000  19.000000        5
 21.000000  19.000000        3
 22.000000  19.000000        3
 23.000000  19.000000        3
 24.000000  19.000000        2
 25.000000  19.000000        2
 26.000000  19.000000       11
 27.000000  19.000000       12
 28.000000  19.000000       12
 29.000000  19.000000       12
 30.000000  19.000000       25
 31.000000  19.000000       29
 32.000000  19.000000       29
 33.000000  19.000000       29
 14.000000  20.000000       17
 15.000000  20.000000       17
 16.000000  20.000000       17
 17.000000  20.000000       17
 18.000000  20.000000       17
 19.000000  20.000000        5
 20.000000  20.000000        5
 21.000000  20.000000        5
 22.000000  20.000000        1
 23.000000  20.000000        1
 24.000000  20.000000        2
 25.000000  20.000000        2
 26.000000  20.000000        9
 27.000000  20.000000       12
 28.000000  20.000000       12
 29.000000  20.000000       12
 30.000000  20.000000       12
 31.000000  20.000000       29
 32.000000  20.000000       29
 33.000000  20.000000       29
 34.000000  20.000000       29
 14.000000  21.000000       17
 15.000000  21.000000       18
 16.000000  21.000000       18
 17.000000  21.000000       18
 18.000000  21.000000       18
 19.000000  21.000000        5
 20.000000  21.000000        5
 21.000000  21.000000        4
 22.000000  21.000000        4
 23.000000  21.000000        1
 24.000000  21.000000        0
 25.000000  21.000000        9
 26.000000  21.000000        9
 27.000000  21.000000        9
 33.000000  21.000000       29
 34.000000  21.000000       29
 14.000000  22.000000       18
 15.000000  22.000000       18
 16.000000  22.000000       18
 17.000000  22.000000       18
 18.000000  22.000000       18
 19.000000  22.000000        7
 20.000000  22.000000        7
 21.000000  22.000000        4
 22.000000  22.000000        4
 23.000000  22.000000        6
 24.000000  22.000000        0
 25.000000  22.000000       10
 26.000000  22.000000       13
 15.000000  23.000000       18
 16.000000  23.000000       18
 17.000000  23.000000       18
 18.000000  23.000000       18
 19.000000  23.000000        7
 20.000000  23.000000        7
 21.000000  23.000000        8
 22.000000  23.000000        8
 23.000000  23.000000        6
 24.000000  23.000000       10
 25.000000  23.000000       10
 26.000000  23.000000       13
 15.000000  24.000000       22
 16.000000  24.000000       22
 17.000000  24.000000       22
 18.000000  24.000000       22
 19.000000  24.000000       20
 20.000000  24.000000       20
 21.000000  24.000000        8
 22.000000  24.000000        8
 23.000000  24.000000       21
 24.000000  24.000000       21
 25.000000  24.000000       21
 26.000000  24.000000       13
 15.000000  25.000000       22
 16.000000  25.000000       22
 17.000000  25.000000       22
 18.000000  25.000000       22
 19.000000  25.000000       20
 20.000000  25.000000       20
 21.000000  25.000000       20
 22.000000  25.000000       23
 25.000000  25.000000       24
 26.000000  25.000000       24
 15.000000  26.000000       22
 16.000000  26.000000       22
 17.000000  26.000000       22
 18.000000  26.000000       22
 19.000000  26.000000       22
 20.000000  26.000000       23
 21.000000  26.000000       23
 22.000000  26.000000       23
 25.000000  26.000000       24
 26.000000  26.000000       24
 16.000000  27.000000       22
 17.000000  27.000000       22
 18.000000  27.000000       22
 19.000000  27.000000       27
 20.000000  27.000000       27
 21.000000  27.000000       23
 22.000000  27.000000       23
 23.000000  27.000000       23
 24.000000  27.000000       24
 25.000000  27.000000       24
 26.000000  27.000000       24
 27.000000  27.000000       28
 16.000000  28.000000       22
 17.000000  28.000000       22
 18.000000  28.000000       27
 19.000000  28.000000       27
 20.000000  28.000000       27
 21.000000  28.000000       27
 22.000000  28.000000       23
 23.000000  28.000000       26
 24.000000  28.000000       26
 25.000000  28.000000       26
 26.000000  28.000000       28
 27.000000  28.000000       28
 28.000000  28.000000       28
 29.000000  28.000000       28
 30.000000  28.000000       28
 17.000000  29.000000       27
 18.000000  29.000000       27
 19.000000  29.000000       27
 20.000000  29.000000       27
 21.000000  29.000000       27
 22.000000  29.000000       26
 23.000000  29.000000       26
 24.000000  29.000000       26
 25.000000  29.000000       26
 26.000000  29.000000       28
 27.000000  29.000000       28
 28.000000  29.000000       28
 29.000000  29.000000       28
 30.000000  29.000000       28
 31.000000  29.000000       28
 18.000000  30.000000       27
 19.000000  30.000000       27
 20.000000  30.000000       27
 21.000000  30.000000       27
 22.000000  30.000000       26
 23.000000  30.000000       26
 24.000000  30.000000       26
 25.000000  30.000000       26
 26.000000  30.000000       26
 27.000000  30.000000       28
 28.000000  30.000000       28
 29.000000  30.000000       28
 30.000000  30.000000       28
 20.000000  31.000000       27
 21.000000  31.000000       26
 22.000000  31.000000       26
 23.000000  31.000000       26
 24.000000  31.000000       26
 25.000000  31.000000       26
 26.000000  31.000000       26
 27.000000  31.000000       28
 28.000000  31.000000       28
 22.000000  32.000000       26
 23.000000  32.000000       26
 24.000000  32.000000       26
 25.000000  32.000000       26
 26.000000  32.000000       26
