 20.000000  10.000000       54
 21.000000  10.000000       54
 22.000000  10.000000       55
 23.000000  10.000000       55
 24.000000  10.000000       56
 25.000000  10.000000       56
 26.000000  10.000000       64
 27.000000  10.000000       64
 28.000000  10.000000       64
 18.000000  11.000000       46
 19.000000  11.000000       46
 20.000000  11.000000       54
 21.000000  11.000000       54
 22.000000  11.000000       55
 23.000000  11.000000       55
 24.000000  11.000000       56
 25.000000  11.000000       56
 26.000000  11.000000       64
 27.000000  11.000000       64
 28.000000  11.000000       73
 29.000000  11.000000       73
 30.000000  11.000000       73
 17.000000  12.000000       46
 18.000000  12.000000       46
 19.000000  12.000000       46
 20.000000  12.000000       46
 21.000000  12.000000       43
 22.000000  12.000000       43
 23.000000  12.000000       44
 24.000000  12.000000       44
 25.000000  12.000000       47
 26.000000  12.000000       47
 27.000000  12.000000       64
 28.000000  12.000000       73
 29.000000  12.000000       73
 30.000000  12.000000       73
 31.000000  12.000000      141
 32.000000  12.000000      141
 17.000000  13.000000       34
 18.000000  13.000000       46
 19.000000  13.000000       46
 20.000000  13.000000       35
 21.000000  13.000000       43
 22.000000  13.000000       43
 23.000000  13.000000       44
 24.000000  13.000000       44
 25.000000  13.000000       47
 26.000000  13.000000       47
 27.000000  13.000000       57
 28.000000  13.000000       57
 29.000000  13.000000       57
 30.000000  13.000000      141
 31.000000  13.000000      141
 32.000000  13.000000      141
 33.000000  13.000000      141
 15.000000  14.000000       34
 16.000000  14.000000       34
 17.000000  14.000000       34
 18.000000  14.000000       34
 19.000000  14.000000       35
 20.000000  14.000000       35
 21.000000  14.000000       35
 22.000000  14.000000       36
 23.000000  14.000000       36
 24.000000  14.000000       37
 25.000000  14.000000       37
 26.000000  14.000000       45
 27.000000  14.000000       45
 28.000000  14.000000       57
 29.000000  14.000000       57
 30.000000  14.000000       59
 31.000000  14.000000      141
 32.000000  14.000000      141
 33.000000  14.000000      141
 34.000000  14.000000      153
 14.000000  15.000000       50
 15.000000  15.000000       34
 16.000000  15.000000       34
 17.000000  15.000000       34
 18.000000  15.000000       34
 19.000000  15.000000       35
 20.000000  15.000000       35
 21.000000  15.000000       35
 22.000000  15.000000       36
 23.000000  15.000000       36
 24.000000  15.000000       37
 25.000000  15.000000       37
 26.000000  15.000000       45
 27.000000  15.000000       45
 28.000000  15.000000       59
 29.000000  15.000000       59
 30.000000  15.000000       59
 31.000000  15.000000       59
 32.000000  15.000000      123
 33.000000  15.000000      153
 34.000000  15.000000      153
 13.000000  16.000000       50
 14.000000  16.000000       50
 15.000000  16.000000       50
 16.000000  16.000000       34
 17.000000  16.000000       34
 18.000000  16.000000       34
 19.000000  16.000000       25
 20.000000  16.000000       25
 21.000000  16.000000       23
 22.000000  16.000000       23
 23.000000  16.000000       24
 24.000000  16.000000       24
 25.000000  16.000000       38
 26.000000  16.000000       38
 27.000000  16.000000       48
 28.000000  16.000000       48
 29.000000  16.000000       58
 30.000000  16.000000       59
 31.000000  16.000000      123
 32.000000  16.000000      123
 33.000000  16.000000      153
 34.000000  16.000000      153
 35.000000  16.000000      153
 13.000000  17.000000       50
 14.000000  17.000000       50
 15.000000  17.000000       50
 16.000000  17.000000       50
 17.000000  17.000000       30
 18.000000  17.000000       30
 19.000000  17.000000       30
 20.000000  17.000000       25
 21.000000  17.000000       23
 22.000000  17.000000       23
 23.000000  17.000000       24
 24.000000  17.000000       26
 25.000000  17.000000       26
 26.000000  17.000000       38
 27.000000  17.000000       48
 28.000000  17.000000       48
 29.000000  17.000000       58
 30.000000  17.000000       58
 31.000000  17.000000      123
 32.000000  17.000000      123
 33.000000  17.000000      139
 34.000000  17.000000      153
 35.000000  17.000000      148
 12.000000  18.000000       50
 13.000000  18.000000       50
 14.000000  18.000000       50
 15.000000  18.000000       50
 16.000000  18.000000       50
 17.000000  18.000000       30
 18.000000  18.000000       30
 19.000000  18.000000       30
 20.000000  18.000000       20
 21.000000  18.000000       14
 22.000000  18.000000       16
 23.000000  18.000000       17
 24.000000  18.000000       21
 25.000000  18.000000       28
 26.000000  18.000000       39
 27.000000  18.000000       39
 28.000000  18.000000       61
 29.000000  18.000000       61
 30.000000  18.000000       79
 31.000000  18.000000       79
 32.000000  18.000000      139
 33.000000  18.000000      139
 34.000000  18.000000      148
 35.000000  18.000000      148
 36.000000  18.000000      148
 12.000000  19.000000      102
 13.000000  19.000000      102
 14.000000  19.000000       50
 15.000000  19.000000       50
 16.000000  19.000000       52
 17.000000  19.000000       29
 18.000000  19.000000       29
 19.000000  19.000000       29
 20.000000  19.000000       20
 21.000000  19.000000       14
 22.000000  19.000000       11
 23.000000  19.000000        9
 24.000000  19.000000       13
 25.000000  19.000000       27
 26.000000  19.000000       40
 27.000000  19.000000       49
 28.000000  19.000000       49
 29.000000  19.000000       61
 30.000000  19.000000       76
 31.000000  19.000000       79
 32.000000  19.000000      122
 33.000000  19.000000      139
 34.000000  19.000000      148
 35.000000  19.000000      148
 36.000000  19.000000      148
 12.000000  20.000000      102
 13.000000  20.000000      102
 14.000000  20.000000      102
 15.000000  20.000000      102
 16.000000  20.000000       52
 17.000000  20.000000       52
 18.000000  20.000000       31
 19.000000  20.000000       31
 20.000000  20.000000       18
 21.000000  20.000000       12
 22.000000  20.000000        8
 23.000000  20.000000        4
 24.000000  20.000000        5
 25.000000  20.000000       22
 26.000000  20.000000       42
 27.000000  20.000000       62
 28.000000  20.000000       62
 29.000000  20.000000       76
 30.000000  20.000000       76
 31.000000  20.000000      122
 32.000000  20.000000      122
 33.000000  20.000000      142
 34.000000  20.000000      142
 35.000000  20.000000      146
 36.000000  20.000000      146
 12.000000  21.000000      102
 13.000000  21.000000      102
 14.000000  21.000000      102
 15.000000  21.000000      102
 16.000000  21.000000       52
 17.000000  21.000000       52
 18.000000  21.000000       51
 19.000000  21.000000       32
 20.000000  21.000000       19
 21.000000  21.000000       10
 22.000000  21.000000        6
 23.000000  21.000000        2
 24.000000  21.000000        1
 25.000000  21.000000       41
 26.000000  21.000000       60
 27.000000  21.000000       65
 28.000000  21.000000       74
 29.000000  21.000000       85
 30.000000  21.000000       85
 31.000000  21.000000      124
 32.000000  21.000000      124
 33.000000  21.000000      142
 34.000000  21.000000      142
 35.000000  21.000000      146
 36.000000  21.000000      146
 12.000000  22.000000      102
 13.000000  22.000000      102
 14.000000  22.000000      102
 15.000000  22.000000       89
 16.000000  22.000000       89
 17.000000  22.000000       89
 18.000000  22.000000       51
 19.000000  22.000000       53
 20.000000  22.000000       33
 21.000000  22.000000       15
 22.000000  22.000000        7
 23.000000  22.000000        3
 24.000000  22.000000        0
 25.000000  22.000000       63
 26.000000  22.000000       69
 27.000000  22.000000       75
 28.000000  22.000000       83
 29.000000  22.000000       97
 30.000000  22.000000       97
 31.000000  22.000000      126
 32.000000  22.000000      124
 33.000000  22.000000      143
 34.000000  22.000000      143
 35.000000  22.000000      146
 36.000000  22.000000      146
 13.000000  23.000000      102
 14.000000  23.000000      102
 15.000000  23.000000       89
 16.000000  23.000000       89
 17.000000  23.000000       89
 18.000000  23.000000       90
 19.000000  23.000000       78
 20.000000  23.000000       71
 21.000000  23.000000       68
 22.000000  23.000000       66
 23.000000  23.000000       67
 24.000000  23.000000       70
 25.000000  23.000000       72
 26.000000  23.000000       77
 27.000000  23.000000       86
 28.000000  23.000000       95
 29.000000  23.000000      115
 30.000000  23.000000      115
 31.000000  23.000000      126
 32.000000  23.000000      134
 33.000000  23.000000      143
 34.000000  23.000000      143
 35.000000  23.000000      152
 36.000000  23.000000      152
 13.000000  24.000000      104
 14.000000  24.000000      104
 15.000000  24.000000      104
 16.000000  24.000000      104
 17.000000  24.000000       90
 18.000000  24.000000       90
 19.000000  24.000000       92
 20.000000  24.000000       88
 21.000000  24.000000       84
 22.000000  24.000000       81
 23.000000  24.000000       80
 24.000000  24.000000       82
 25.000000  24.000000       87
 26.000000  24.000000       91
 27.000000  24.000000       99
 28.000000  24.000000      111
 29.000000  24.000000      115
 30.000000  24.000000      125
 31.000000  24.000000      134
 32.000000  24.000000      134
 33.000000  24.000000      144
 34.000000  24.000000      144
 35.000000  24.000000      152
 36.000000  24.000000      152
 15.000000  25.000000      104
 16.000000  25.000000      104
 17.000000  25.000000      104
 18.000000  25.000000      103
 19.000000  25.000000      103
 20.000000  25.000000      101
 21.000000  25.000000       98
 22.000000  25.000000       94
 23.000000  25.000000       93
 24.000000  25.000000       96
 25.000000  25.000000      100
 26.000000  25.000000      107
 27.000000  25.000000      112
 28.000000  25.000000      112
 29.000000  25.000000      125
 30.000000  25.000000      125
 31.000000  25.000000      137
 32.000000  25.000000      137
 33.000000  25.000000      144
 34.000000  25.000000      144
 35.000000  25.000000      152
 36.000000  25.000000      152
 14.000000  26.000000      104
 15.000000  26.000000      104
 16.000000  26.000000      104
 17.000000  26.000000      104
 18.000000  26.000000      103
 19.000000  26.000000      109
 20.000000  26.000000      101
 21.000000  26.000000      105
 22.000000  26.000000      105
 23.000000  26.000000      106
 24.000000  26.000000      108
 25.000000  26.000000      110
 26.000000  26.000000      117
 27.000000  26.000000      120
 28.000000  26.000000      120
 29.000000  26.000000      129
 30.000000  26.000000      129
 31.000000  26.000000      137
 32.000000  26.000000      137
 33.000000  26.000000      147
 34.000000  26.000000      147
 35.000000  26.000000      147
 36.000000  26.000000      152
 13.000000  27.000000      130
 14.000000  27.000000      130
 15.000000  27.000000      130
 16.000000  27.000000      130
 17.000000  27.000000      130
 18.000000  27.000000      109
 19.000000  27.000000      109
 20.000000  27.000000      114
 21.000000  27.000000      114
 22.000000  27.000000      113
 23.000000  27.000000      116
 24.000000  27.000000      118
 25.000000  27.000000      119
 26.000000  27.000000      121
 27.000000  27.000000      127
 28.000000  27.000000      127
 29.000000  27.000000      129
 30.000000  27.000000      129
 31.000000  27.000000      138
 32.000000  27.000000      138
 33.000000  27.000000      147
 34.000000  27.000000      147
 35.000000  27.000000      147
 13.000000  28.000000      130
 14.000000  28.000000      130
 15.000000  28.000000      130
 16.000000  28.000000      130
 17.000000  28.000000      130
 18.000000  28.000000      128
 19.000000  28.000000      128
 20.000000  28.000000      128
 21.000000  28.000000      114
 22.000000  28.000000      113
 23.000000  28.000000      116
 24.000000  28.000000      118
 25.000000  28.000000      119
 26.000000  28.000000      121
 27.000000  28.000000      127
 28.000000  28.000000      127
 29.000000  28.000000      135
 30.000000  28.000000      135
 31.000000  28.000000      138
 32.000000  28.000000      138
 33.000000  28.000000      147
 34.000000  28.000000      147
 35.000000  28.000000      147
 14.000000  29.000000      130
 15.000000  29.000000      130
 16.000000  29.000000      130
 17.000000  29.000000      130
 18.000000  29.000000      128
 19.000000  29.000000      128
 20.000000  29.000000      128
 21.000000  29.000000      131
 22.000000  29.000000      131
 23.000000  29.000000      132
 24.000000  29.000000      132
 25.000000  29.000000      133
 26.000000  29.000000      133
 27.000000  29.000000      133
 28.000000  29.000000      135
 29.000000  29.000000      135
 30.000000  29.000000      135
 31.000000  29.000000      145
 32.000000  29.000000      145
 33.000000  29.000000      145
 34.000000  29.000000      147
 14.000000  30.000000      130
 15.000000  30.000000      130
 16.000000  30.000000      130
 17.000000  30.000000      140
 18.000000  30.000000      140
 19.000000  30.000000      128
 20.000000  30.000000      131
 21.000000  30.000000      131
 22.000000  30.000000      131
 23.000000  30.000000      132
 24.000000  30.000000      132
 25.000000  30.000000      133
 26.000000  30.000000      133
 27.000000  30.000000      133
 28.000000  30.000000      136
 29.000000  30.000000      136
 30.000000  30.000000      136
 31.000000  30.000000      145
 32.000000  30.000000      145
 33.000000  30.000000      145
 34.000000  30.000000      145
 15.000000  31.000000      130
 16.000000  31.000000      140
 17.000000  31.000000      140
 18.000000  31.000000      140
 19.000000  31.000000      140
 20.000000  31.000000      131
 21.000000  31.000000      131
 22.000000  31.000000      131
 23.000000  31.000000      132
 24.000000  31.000000      132
 25.000000  31.000000      133
 26.000000  31.000000      133
 27.000000  31.000000      136
 28.000000  31.000000      136
 29.000000  31.000000      136
 30.000000  31.000000      136
 31.000000  31.000000      145
 32.000000  31.000000      145
 33.000000  31.000000      145
 16.000000  32.000000      140
 17.000000  32.000000      140
 18.000000  32.000000      140
 19.000000  32.000000      140
 20.000000  32.000000      151
 21.000000  32.000000      151
 22.000000  32.000000      149
 23.000000  32.000000      149
 24.000000  32.000000      149
 25.000000  32.000000      150
 26.000000  32.000000      150
 27.000000  32.000000      150
 28.000000  32.000000      136
 29.000000  32.000000      136
 30.000000  32.000000      136
 31.000000  32.000000      145
 32.000000  32.000000      145
 18.000000  33.000000      140
 19.000000  33.000000      151
 20.000000  33.000000      151
 21.000000  33.000000      151
 22.000000  33.000000      149
 23.000000  33.000000      149
 24.000000  33.000000      149
 25.000000  33.000000      150
 26.000000  33.000000      150
 27.000000  33.000000      150
 28.000000  33.000000      150
 29.000000  33.000000      136
 30.000000  33.000000      136
 20.000000  34.000000      151
 21.000000  34.000000      151
 22.000000  34.000000      149
 23.000000  34.000000      149
 24.000000  34.000000      149
 25.000000  34.000000      150
 26.000000  34.000000      150
 27.000000  34.000000      150
 28.000000  34.000000      150
