 20.000000  10.000000       20
 21.000000  10.000000       20
 22.000000  10.000000       20
 23.000000  10.000000       20
 24.000000  10.000000       21
 25.000000  10.000000       21
 26.000000  10.000000       21
 27.000000  10.000000       21
 28.000000  10.000000       21
 18.000000  11.000000       20
 19.000000  11.000000       20
 20.000000  11.000000       20
 21.000000  11.000000       20
 22.000000  11.000000       20
 23.000000  11.000000       20
 24.000000  11.000000       21
 25.000000  11.000000       21
 26.000000  11.000000       21
 27.000000  11.000000       21
 28.000000  11.000000       21
 29.000000  11.000000       25
 30.000000  11.000000       25
 17.000000  12.000000       16
 18.000000  12.000000       16
 19.000000  12.000000       20
 20.000000  12.000000       20
 21.000000  12.000000       20
 22.000000  12.000000       20
 23.000000  12.000000       20
 24.000000  12.000000       21
 25.000000  12.000000       21
 26.000000  12.000000       21
 27.000000  12.000000       21
 28.000000  12.000000       25
 29.000000  12.000000       25
 30.000000  12.000000       25
 31.000000  12.000000       25
 32.000000  12.000000       25
 17.000000  13.000000       16
 18.000000  13.000000       16
 19.000000  13.000000       16
 20.000000  13.000000       20
 21.000000  13.000000       20
 22.000000  13.000000       20
 23.000000  13.000000       20
 24.000000  13.000000       21
 25.000000  13.000000       21
 26.000000  13.000000       21
 27.000000  13.000000       21
 28.000000  13.000000       25
 29.000000  13.000000       25
 30.000000  13.000000       25
 31.000000  13.000000       25
 32.000000  13.000000       25
 33.000000  13.000000       36
 15.000000  14.000000       16
 16.000000  14.000000       16
 17.000000  14.000000       16
 18.000000  14.000000       16
 19.000000  14.000000       16
 20.000000  14.000000       16
 21.000000  14.000000       20
 22.000000  14.000000       14
 23.000000  14.000000       14
 24.000000  14.000000       14
 25.000000  14.000000       15
 26.000000  14.000000       15
 27.000000  14.000000       15
 28.000000  14.000000       25
 29.000000  14.000000       25
 30.000000  14.000000       25
 31.000000  14.000000       25
 32.000000  14.000000       36
 33.000000  14.000000       36
 34.000000  14.000000       36
 14.000000  15.000000       17
 15.000000  15.000000       16
 16.000000  15.000000       16
 17.000000  15.000000       16
 18.000000  15.000000       16
 19.000000  15.000000       16
 20.000000  15.000000       16
 21.000000  15.000000       14
 22.000000  15.000000       14
 23.000000  15.000000       14
 24.000000  15.000000       14
 25.000000  15.000000       15
 26.000000  15.000000       15
 27.000000  15.000000       15
 28.000000  15.000000       15
 29.000000  15.000000       25
 30.000000  15.000000       25
 31.000000  15.000000       36
 32.000000  15.000000       36
 33.000000  15.000000       36
 34.000000  15.000000       36
 13.000000  16.000000       17
 14.000000  16.000000       17
 15.000000  16.000000       17
 16.000000  16.000000       16
 17.000000  16.000000       16
 18.000000  16.000000       16
 19.000000  16.000000       16
 20.000000  16.000000       16
 21.000000  16.000000       14
 22.000000  16.000000       14
 23.000000  16.000000       14
 24.000000  16.000000       14
 25.000000  16.000000       15
 26.000000  16.000000       15
 27.000000  16.000000       15
 28.000000  16.000000       15
 29.000000  16.000000       26
 30.000000  16.000000       26
 31.000000  16.000000       36
 32.000000  16.000000       36
 33.000000  16.000000       36
 34.000000  16.000000       36
 35.000000  16.000000       36
 13.000000  17.000000       17
 14.000000  17.000000       17
 15.000000  17.000000       17
 16.000000  17.000000       17
 17.000000  17.000000       16
 18.000000  17.000000       16
 19.000000  17.000000       16
 20.000000  17.000000       16
 21.000000  17.000000       14
 22.000000  17.000000       14
 23.000000  17.000000       14
 24.000000  17.000000       14
 25.000000  17.000000       12
 26.000000  17.000000       15
 27.000000  17.000000       15
 28.000000  17.000000       26
 29.000000  17.000000       26
 30.000000  17.000000       26
 31.000000  17.000000       26
 32.000000  17.000000       36
 33.000000  17.000000       36
 34.000000  17.000000       36
 35.000000  17.000000       36
 12.000000  18.000000       17
 13.000000  18.000000       17
 14.000000  18.000000       17
 15.000000  18.000000       17
 16.000000  18.000000       17
 17.000000  18.000000       17
 18.000000  18.000000       16
 19.000000  18.000000        5
 20.000000  18.000000        5
 21.000000  18.000000        3
 22.000000  18.000000        3
 23.000000  18.000000        3
 24.000000  18.000000       12
 25.000000  18.000000       12
 26.000000  18.000000       12
 27.000000  18.000000       13
 28.000000  18.000000       13
 29.000000  18.000000       26
 30.000000  18.000000       26
 31.000000  18.000000       26
 32.000000  18.000000       35
 33.000000  18.000000       35
 34.000000  18.000000       35
 35.000000  18.000000       35
 36.000000  18.000000       35
 12.000000  19.000000       17
 13.000000  19.000000       17
 14.000000  19.000000       17
 15.000000  19.000000       17
 16.000000  19.000000       17
 17.000000  19.000000       17
 18.000000  19.000000        5
 19.000000  19.000000        5
 20.000000  19.000000        5
 21.000000  19.000000        5
 22.000000  19.000000        3
 23.000000  19.000000        3
 24.000000  19.000000        2
 25.000000  19.000000       12
 26.000000  19.000000       13
 27.000000  19.000000       13
 28.000000  19.000000       13
 29.000000  19.000000       26
 30.000000  19.000000       26
 31.000000  19.000000       26
 32.000000  19.000000       35
 33.000000  19.000000       35
 34.000000  19.000000       35
 35.000000  19.000000       35
 36.000000  19.000000       35
 12.000000  20.000000       17
 13.000000  20.000000       17
 14.000000  20.000000       17
 15.000000  20.000000       17
 16.000000  20.000000       17
 17.000000  20.000000       17
 18.000000  20.000000        5
 19.000000  20.000000        5
 20.000000  20.000000        5
 21.000000  20.000000        5
 22.000000  20.000000        1
 23.000000  20.000000        1
 24.000000  20.000000        2
 25.000000  20.000000        2
 26.000000  20.000000        9
 27.000000  20.000000       13
 28.000000  20.000000       13
 29.000000  20.000000       30
 30.000000  20.000000       30
 31.000000  20.000000       30
 32.000000  20.000000       35
 33.000000  20.000000       35
 34.000000  20.000000       35
 35.000000  20.000000       35
 36.000000  20.000000       35
 12.000000  21.000000       18
 13.000000  21.000000       18
 14.000000  21.000000       18
 15.000000  21.000000       18
 16.000000  21.000000       18
 17.000000  21.000000       18
 18.000000  21.000000       18
 19.000000  21.000000        7
 20.000000  21.000000        7
 21.000000  21.000000        4
 22.000000  21.000000        4
 23.000000  21.000000        1
 24.000000  21.000000        0
 25.000000  21.000000        9
 26.000000  21.000000        9
 27.000000  21.000000       24
 28.000000  21.000000       24
 29.000000  21.000000       30
 30.000000  21.000000       30
 31.000000  21.000000       30
 32.000000  21.000000       30
 33.000000  21.000000       35
 34.000000  21.000000       35
 35.000000  21.000000       35
 36.000000  21.000000       35
 12.000000  22.000000       18
 13.000000  22.000000       18
 14.000000  22.000000       18
 15.000000  22.000000       18
 16.000000  22.000000       18
 17.000000  22.000000       18
 18.000000  22.000000       18
 19.000000  22.000000        7
 20.000000  22.000000        7
 21.000000  22.000000        4
 22.000000  22.000000        4
 23.000000  22.000000        6
 24.000000  22.000000        0
 25.000000  22.000000       11
 26.000000  22.000000       11
 27.000000  22.000000       24
 28.000000  22.000000       24
 29.000000  22.000000       30
 30.000000  22.000000       30
 31.000000  22.000000       30
 32.000000  22.000000       32
 33.000000  22.000000       39
 34.000000  22.000000       39
 35.000000  22.000000       39
 36.000000  22.000000       39
 13.000000  23.000000       18
 14.000000  23.000000       18
 15.000000  23.000000       18
 16.000000  23.000000       18
 17.000000  23.000000       18
 18.000000  23.000000       19
 19.000000  23.000000       19
 20.000000  23.000000       19
 21.000000  23.000000        8
 22.000000  23.000000        8
 23.000000  23.000000        6
 24.000000  23.000000       10
 25.000000  23.000000       10
 26.000000  23.000000       27
 27.000000  23.000000       27
 28.000000  23.000000       31
 29.000000  23.000000       31
 30.000000  23.000000       32
 31.000000  23.000000       32
 32.000000  23.000000       32
 33.000000  23.000000       39
 34.000000  23.000000       39
 35.000000  23.000000       39
 36.000000  23.000000       39
 13.000000  24.000000       18
 14.000000  24.000000       18
 15.000000  24.000000       18
 16.000000  24.000000       18
 17.000000  24.000000       18
 18.000000  24.000000       19
 19.000000  24.000000       19
 20.000000  24.000000       19
 21.000000  24.000000        8
 22.000000  24.000000        8
 23.000000  24.000000       23
 24.000000  24.000000       23
 25.000000  24.000000       28
 26.000000  24.000000       27
 27.000000  24.000000       27
 28.000000  24.000000       31
 29.000000  24.000000       31
 30.000000  24.000000       32
 31.000000  24.000000       32
 32.000000  24.000000       32
 33.000000  24.000000       39
 34.000000  24.000000       39
 35.000000  24.000000       39
 36.000000  24.000000       39
 15.000000  25.000000       18
 16.000000  25.000000       22
 17.000000  25.000000       22
 18.000000  25.000000       22
 19.000000  25.000000       19
 20.000000  25.000000       29
 21.000000  25.000000       29
 22.000000  25.000000       29
 25.000000  25.000000       28
 26.000000  25.000000       28
 27.000000  25.000000       33
 28.000000  25.000000       31
 29.000000  25.000000       31
 30.000000  25.000000       32
 31.000000  25.000000       32
 32.000000  25.000000       32
 33.000000  25.000000       39
 34.000000  25.000000       39
 35.000000  25.000000       39
 36.000000  25.000000       39
 14.000000  26.000000       22
 15.000000  26.000000       22
 16.000000  26.000000       22
 17.000000  26.000000       22
 18.000000  26.000000       22
 19.000000  26.000000       22
 20.000000  26.000000       29
 21.000000  26.000000       29
 22.000000  26.000000       29
 25.000000  26.000000       34
 26.000000  26.000000       33
 27.000000  26.000000       33
 28.000000  26.000000       33
 29.000000  26.000000       37
 30.000000  26.000000       37
 31.000000  26.000000       37
 32.000000  26.000000       41
 33.000000  26.000000       41
 34.000000  26.000000       39
 35.000000  26.000000       39
 36.000000  26.000000       39
 13.000000  27.000000       22
 14.000000  27.000000       22
 15.000000  27.000000       22
 16.000000  27.000000       22
 17.000000  27.000000       22
 18.000000  27.000000       22
 19.000000  27.000000       22
 20.000000  27.000000       29
 21.000000  27.000000       29
 22.000000  27.000000       38
 23.000000  27.000000       38
 24.000000  27.000000       34
 25.000000  27.000000       34
 26.000000  27.000000       34
 27.000000  27.000000       33
 28.000000  27.000000       33
 29.000000  27.000000       37
 30.000000  27.000000       37
 31.000000  27.000000       37
 32.000000  27.000000       41
 33.000000  27.000000       41
 34.000000  27.000000       41
 35.000000  27.000000       41
 13.000000  28.000000       22
 14.000000  28.000000       22
 15.000000  28.000000       22
 16.000000  28.000000       22
 17.000000  28.000000       22
 18.000000  28.000000       22
 19.000000  28.000000       22
 20.000000  28.000000       38
 21.000000  28.000000       38
 22.000000  28.000000       38
 23.000000  28.000000       38
 24.000000  28.000000       34
 25.000000  28.000000       34
 26.000000  28.000000       34
 27.000000  28.000000       33
 28.000000  28.000000       37
 29.000000  28.000000       37
 30.000000  28.000000       37
 31.000000  28.000000       41
 32.000000  28.000000       41
 33.000000  28.000000       41
 34.000000  28.000000       41
 35.000000  28.000000       41
 14.000000  29.000000       22
 15.000000  29.000000       22
 16.000000  29.000000       22
 17.000000  29.000000       22
 18.000000  29.000000       22
 19.000000  29.000000       22
 20.000000  29.000000       38
 21.000000  29.000000       38
 22.000000  29.000000       38
 23.000000  29.000000       38
 24.000000  29.000000       34
 25.000000  29.000000       34
 26.000000  29.000000       40
 27.000000  29.000000       40
 28.000000  29.000000       40
 29.000000  29.000000       37
 30.000000  29.000000       41
 31.000000  29.000000       41
 32.000000  29.000000       41
 33.000000  29.000000       41
 34.000000  29.000000       41
 14.000000  30.000000       22
 15.000000  30.000000       22
 16.000000  30.000000       22
 17.000000  30.000000       22
 18.000000  30.000000       22
 19.000000  30.000000       42
 20.000000  30.000000       42
 21.000000  30.000000       38
 22.000000  30.000000       38
 23.000000  30.000000       38
 24.000000  30.000000       40
 25.000000  30.000000       40
 26.000000  30.000000       40
 27.000000  30.000000       40
 28.000000  30.000000       40
 29.000000  30.000000       40
 30.000000  30.000000       41
 31.000000  30.000000       41
 32.000000  30.000000       41
 33.000000  30.000000       41
 34.000000  30.000000       41
 15.000000  31.000000       22
 16.000000  31.000000       22
 17.000000  31.000000       22
 18.000000  31.000000       42
 19.000000  31.000000       42
 20.000000  31.000000       42
 21.000000  31.000000       42
 22.000000  31.000000       42
 23.000000  31.000000       40
 24.000000  31.000000       40
 25.000000  31.000000       40
 26.000000  31.000000       40
 27.000000  31.000000       40
 28.000000  31.000000       40
 29.000000  31.000000       40
 30.000000  31.000000       41
 31.000000  31.000000       41
 32.000000  31.000000       41
 33.000000  31.000000       41
 16.000000  32.000000       22
 17.000000  32.000000       42
 18.000000  32.000000       42
 19.000000  32.000000       42
 20.000000  32.000000       42
 21.000000  32.000000       42
 22.000000  32.000000       42
 23.000000  32.000000       40
 24.000000  32.000000       40
 25.000000  32.000000       40
 26.000000  32.000000       40
 27.000000  32.000000       40
 28.000000  32.000000       40
 29.000000  32.000000       40
 30.000000  32.000000       40
 31.000000  32.000000       41
 32.000000  32.000000       41
 18.000000  33.000000       42
 19.000000  33.000000       42
 20.000000  33.000000       42
 21.000000  33.000000       42
 22.000000  33.000000       42
 23.000000  33.000000       40
 24.000000  33.000000       40
 25.000000  33.000000       40
 26.000000  33.000000       40
 27.000000  33.000000       40
 28.000000  33.000000       40
 29.000000  33.000000       40
 30.000000  33.000000       40
 20.000000  34.000000       42
 21.000000  34.000000       42
 22.000000  34.000000       42
 23.000000  34.000000       40
 24.000000  34.000000       40
 25.000000  34.000000       40
 26.000000  34.000000       40
 27.000000  34.000000       40
 28.000000  34.000000       40
