 20.000000  10.000000       14
 21.000000  10.000000       14
 22.000000  10.000000       14
 23.000000  10.000000       15
 24.000000  10.000000       15
 25.000000  10.000000       15
 26.000000  10.000000       15
 27.000000  10.000000       15
 28.000000  10.000000       24
 18.000000  11.000000       14
 19.000000  11.000000       14
 20.000000  11.000000       14
 21.000000  11.000000       14
 22.000000  11.000000       14
 23.000000  11.000000       15
 24.000000  11.000000       15
 25.000000  11.000000       15
 26.000000  11.000000       15
 27.000000  11.000000       15
 28.000000  11.000000       24
 29.000000  11.000000       24
 30.000000  11.000000       24
 17.000000  12.000000       14
 18.000000  12.000000       14
 19.000000  12.000000       14
 20.000000  12.000000       14
 21.000000  12.000000       14
 22.000000  12.000000       14
 23.000000  12.000000       15
 24.000000  12.000000       15
 25.000000  12.000000       15
 26.000000  12.000000       15
 27.000000  12.000000       15
 28.000000  12.000000       24
 29.000000  12.000000       24
 30.000000  12.000000       24
 31.000000  12.000000       24
 32.000000  12.000000       24
 17.000000  13.000000       11
 18.000000  13.000000       14
 19.000000  13.000000       14
 20.000000  13.000000       14
 21.000000  13.000000       14
 22.000000  13.000000       14
 23.000000  13.000000       15
 24.000000  13.000000       15
 25.000000  13.000000       15
 26.000000  13.000000       15
 27.000000  13.000000       15
 28.000000  13.000000       24
 29.000000  13.000000       24
 30.000000  13.000000       24
 31.000000  13.000000       24
 32.000000  13.000000       24
 33.000000  13.000000       24
 15.000000  14.000000       11
 16.000000  14.000000       11
 17.000000  14.000000       11
 18.000000  14.000000       11
 19.000000  14.000000       11
 20.000000  14.000000       14
 21.000000  14.000000       14
 22.000000  14.000000       12
 23.000000  14.000000       12
 24.000000  14.000000       12
 25.000000  14.000000       15
 26.000000  14.000000       15
 27.000000  14.000000       15
 28.000000  14.000000       24
 29.000000  14.000000       24
 30.000000  14.000000       24
 31.000000  14.000000       24
 32.000000  14.000000       24
 33.000000  14.000000       26
 34.000000  14.000000       26
 14.000000  15.000000       11
 15.000000  15.000000       11
 16.000000  15.000000       11
 17.000000  15.000000       11
 18.000000  15.000000       11
 19.000000  15.000000       11
 20.000000  15.000000       11
 21.000000  15.000000       12
 22.000000  15.000000       12
 23.000000  15.000000       12
 24.000000  15.000000       12
 25.000000  15.000000       12
 26.000000  15.000000       16
 27.000000  15.000000       16
 28.000000  15.000000       16
 29.000000  15.000000       16
 30.000000  15.000000       24
 31.000000  15.000000       24
 32.000000  15.000000       26
 33.000000  15.000000       26
 34.000000  15.000000       26
 13.000000  16.000000        9
 14.000000  16.000000        9
 15.000000  16.000000       11
 16.000000  16.000000       11
 17.000000  16.000000       11
 18.000000  16.000000       11
 19.000000  16.000000       11
 20.000000  16.000000       11
 21.000000  16.000000       12
 22.000000  16.000000       12
 23.000000  16.000000       12
 24.000000  16.000000       12
 25.000000  16.000000       12
 26.000000  16.000000       16
 27.000000  16.000000       16
 28.000000  16.000000       16
 29.000000  16.000000       16
 30.000000  16.000000       16
 31.000000  16.000000       26
 32.000000  16.000000       26
 33.000000  16.000000       26
 34.000000  16.000000       26
 35.000000  16.000000       26
 13.000000  17.000000        9
 14.000000  17.000000        9
 15.000000  17.000000        9
 16.000000  17.000000       11
 17.000000  17.000000       11
 18.000000  17.000000       11
 19.000000  17.000000       11
 20.000000  17.000000       11
 21.000000  17.000000        3
 22.000000  17.000000        3
 23.000000  17.000000       12
 24.000000  17.000000       13
 25.000000  17.000000       13
 26.000000  17.000000       13
 27.000000  17.000000       16
 28.000000  17.000000       16
 29.000000  17.000000       16
 30.000000  17.000000       16
 31.000000  17.000000       26
 32.000000  17.000000       26
 33.000000  17.000000       26
 34.000000  17.000000       26
 35.000000  17.000000       26
 12.000000  18.000000        9
 13.000000  18.000000        9
 14.000000  18.000000        9
 15.000000  18.000000        9
 16.000000  18.000000        9
 17.000000  18.000000       11
 18.000000  18.000000       11
 19.000000  18.000000       11
 20.000000  18.000000       11
 21.000000  18.000000        3
 22.000000  18.000000        3
 23.000000  18.000000        3
 24.000000  18.000000       13
 25.000000  18.000000       13
 26.000000  18.000000       13
 27.000000  18.000000       16
 28.000000  18.000000       16
 29.000000  18.000000       16
 30.000000  18.000000       22
 31.000000  18.000000       22
 32.000000  18.000000       26
 33.000000  18.000000       26
 34.000000  18.000000       26
 35.000000  18.000000       26
 36.000000  18.000000       26
 12.000000  19.000000        9
 13.000000  19.000000        9
 14.000000  19.000000        9
 15.000000  19.000000        9
 16.000000  19.000000        9
 17.000000  19.000000        9
 18.000000  19.000000        5
 19.000000  19.000000        5
 20.000000  19.000000        5
 21.000000  19.000000        3
 22.000000  19.000000        3
 23.000000  19.000000        3
 24.000000  19.000000        2
 25.000000  19.000000        2
 26.000000  19.000000       17
 27.000000  19.000000       17
 28.000000  19.000000       17
 29.000000  19.000000       22
 30.000000  19.000000       22
 31.000000  19.000000       22
 32.000000  19.000000       22
 33.000000  19.000000       26
 34.000000  19.000000       26
 35.000000  19.000000       26
 36.000000  19.000000       26
 12.000000  20.000000        9
 13.000000  20.000000        9
 14.000000  20.000000        9
 15.000000  20.000000        9
 16.000000  20.000000        9
 17.000000  20.000000        9
 18.000000  20.000000        5
 19.000000  20.000000        5
 20.000000  20.000000        5
 21.000000  20.000000        5
 22.000000  20.000000        1
 23.000000  20.000000        1
 24.000000  20.000000        2
 25.000000  20.000000        2
 26.000000  20.000000       17
 27.000000  20.000000       17
 28.000000  20.000000       21
 29.000000  20.000000       22
 30.000000  20.000000       22
 31.000000  20.000000       22
 32.000000  20.000000       22
 33.000000  20.000000       32
 34.000000  20.000000       32
 35.000000  20.000000       32
 36.000000  20.000000       32
 12.000000  21.000000        9
 13.000000  21.000000        9
 14.000000  21.000000        9
 15.000000  21.000000        9
 16.000000  21.000000        9
 17.000000  21.000000        9
 18.000000  21.000000        5
 19.000000  21.000000        5
 20.000000  21.000000        5
 21.000000  21.000000        4
 22.000000  21.000000        4
 23.000000  21.000000        1
 24.000000  21.000000        0
 25.000000  21.000000       18
 26.000000  21.000000       18
 27.000000  21.000000       21
 28.000000  21.000000       21
 29.000000  21.000000       21
 30.000000  21.000000       22
 31.000000  21.000000       22
 32.000000  21.000000       32
 33.000000  21.000000       32
 34.000000  21.000000       32
 35.000000  21.000000       32
 36.000000  21.000000       32
 12.000000  22.000000        9
 13.000000  22.000000        9
 14.000000  22.000000        9
 15.000000  22.000000       10
 16.000000  22.000000       10
 17.000000  22.000000       10
 18.000000  22.000000       10
 19.000000  22.000000        7
 20.000000  22.000000        7
 21.000000  22.000000        4
 22.000000  22.000000        4
 23.000000  22.000000        6
 24.000000  22.000000        0
 25.000000  22.000000       18
 26.000000  22.000000       18
 27.000000  22.000000       21
 28.000000  22.000000       21
 29.000000  22.000000       27
 30.000000  22.000000       27
 31.000000  22.000000       27
 32.000000  22.000000       32
 33.000000  22.000000       32
 34.000000  22.000000       32
 35.000000  22.000000       32
 36.000000  22.000000       32
 13.000000  23.000000       10
 14.000000  23.000000       10
 15.000000  23.000000       10
 16.000000  23.000000       10
 17.000000  23.000000       10
 18.000000  23.000000       10
 19.000000  23.000000        7
 20.000000  23.000000        7
 21.000000  23.000000        8
 22.000000  23.000000        6
 23.000000  23.000000        6
 24.000000  23.000000       19
 25.000000  23.000000       19
 26.000000  23.000000       23
 27.000000  23.000000       23
 28.000000  23.000000       27
 29.000000  23.000000       27
 30.000000  23.000000       27
 31.000000  23.000000       27
 32.000000  23.000000       32
 33.000000  23.000000       32
 34.000000  23.000000       32
 35.000000  23.000000       32
 36.000000  23.000000       32
 13.000000  24.000000       10
 14.000000  24.000000       10
 15.000000  24.000000       10
 16.000000  24.000000       10
 17.000000  24.000000       10
 18.000000  24.000000       10
 19.000000  24.000000        8
 20.000000  24.000000        8
 21.000000  24.000000        8
 22.000000  24.000000       20
 23.000000  24.000000       20
 24.000000  24.000000       19
 25.000000  24.000000       19
 26.000000  24.000000       23
 27.000000  24.000000       23
 28.000000  24.000000       27
 29.000000  24.000000       27
 30.000000  24.000000       27
 31.000000  24.000000       27
 32.000000  24.000000       32
 33.000000  24.000000       32
 34.000000  24.000000       32
 35.000000  24.000000       32
 36.000000  24.000000       32
 15.000000  25.000000       10
 16.000000  25.000000       10
 17.000000  25.000000       10
 18.000000  25.000000       10
 19.000000  25.000000        8
 20.000000  25.000000        8
 21.000000  25.000000        8
 22.000000  25.000000       20
 25.000000  25.000000       25
 26.000000  25.000000       25
 27.000000  25.000000       29
 28.000000  25.000000       29
 29.000000  25.000000       29
 30.000000  25.000000       27
 31.000000  25.000000       33
 32.000000  25.000000       33
 33.000000  25.000000       33
 34.000000  25.000000       33
 35.000000  25.000000       33
 36.000000  25.000000       33
 14.000000  26.000000       10
 15.000000  26.000000       10
 16.000000  26.000000       10
 17.000000  26.000000       28
 18.000000  26.000000       28
 19.000000  26.000000       28
 20.000000  26.000000        8
 21.000000  26.000000       30
 22.000000  26.000000       30
 25.000000  26.000000       25
 26.000000  26.000000       25
 27.000000  26.000000       29
 28.000000  26.000000       29
 29.000000  26.000000       29
 30.000000  26.000000       29
 31.000000  26.000000       33
 32.000000  26.000000       33
 33.000000  26.000000       33
 34.000000  26.000000       33
 35.000000  26.000000       33
 36.000000  26.000000       33
 13.000000  27.000000       28
 14.000000  27.000000       28
 15.000000  27.000000       28
 16.000000  27.000000       28
 17.000000  27.000000       28
 18.000000  27.000000       28
 19.000000  27.000000       28
 20.000000  27.000000       30
 21.000000  27.000000       30
 22.000000  27.000000       30
 23.000000  27.000000       30
 24.000000  27.000000       31
 25.000000  27.000000       31
 26.000000  27.000000       31
 27.000000  27.000000       29
 28.000000  27.000000       29
 29.000000  27.000000       29
 30.000000  27.000000       29
 31.000000  27.000000       33
 32.000000  27.000000       33
 33.000000  27.000000       33
 34.000000  27.000000       33
 35.000000  27.000000       33
 13.000000  28.000000       28
 14.000000  28.000000       28
 15.000000  28.000000       28
 16.000000  28.000000       28
 17.000000  28.000000       28
 18.000000  28.000000       28
 19.000000  28.000000       28
 20.000000  28.000000       30
 21.000000  28.000000       30
 22.000000  28.000000       30
 23.000000  28.000000       30
 24.000000  28.000000       31
 25.000000  28.000000       31
 26.000000  28.000000       31
 27.000000  28.000000       31
 28.000000  28.000000       34
 29.000000  28.000000       34
 30.000000  28.000000       34
 31.000000  28.000000       33
 32.000000  28.000000       33
 33.000000  28.000000       33
 34.000000  28.000000       33
 35.000000  28.000000       33
 14.000000  29.000000       28
 15.000000  29.000000       28
 16.000000  29.000000       28
 17.000000  29.000000       28
 18.000000  29.000000       28
 19.000000  29.000000       28
 20.000000  29.000000       28
 21.000000  29.000000       30
 22.000000  29.000000       30
 23.000000  29.000000       35
 24.000000  29.000000       31
 25.000000  29.000000       31
 26.000000  29.000000       31
 27.000000  29.000000       34
 28.000000  29.000000       34
 29.000000  29.000000       34
 30.000000  29.000000       34
 31.000000  29.000000       34
 32.000000  29.000000       33
 33.000000  29.000000       33
 34.000000  29.000000       33
 14.000000  30.000000       28
 15.000000  30.000000       28
 16.000000  30.000000       28
 17.000000  30.000000       28
 18.000000  30.000000       28
 19.000000  30.000000       28
 20.000000  30.000000       35
 21.000000  30.000000       35
 22.000000  30.000000       35
 23.000000  30.000000       35
 24.000000  30.000000       35
 25.000000  30.000000       31
 26.000000  30.000000       34
 27.000000  30.000000       34
 28.000000  30.000000       34
 29.000000  30.000000       34
 30.000000  30.000000       34
 31.000000  30.000000       34
 32.000000  30.000000       34
 33.000000  30.000000       33
 34.000000  30.000000       33
 15.000000  31.000000       28
 16.000000  31.000000       28
 17.000000  31.000000       28
 18.000000  31.000000       28
 19.000000  31.000000       28
 20.000000  31.000000       35
 21.000000  31.000000       35
 22.000000  31.000000       35
 23.000000  31.000000       35
 24.000000  31.000000       35
 25.000000  31.000000       35
 26.000000  31.000000       34
 27.000000  31.000000       34
 28.000000  31.000000       34
 29.000000  31.000000       34
 30.000000  31.000000       34
 31.000000  31.000000       34
 32.000000  31.000000       34
 33.000000  31.000000       34
 16.000000  32.000000       28
 17.000000  32.000000       28
 18.000000  32.000000       28
 19.000000  32.000000       35
 20.000000  32.000000       35
 21.000000  32.000000       35
 22.000000  32.000000       35
 23.000000  32.000000       35
 24.000000  32.000000       35
 25.000000  32.000000       35
 26.000000  32.000000       34
 27.000000  32.000000       34
 28.000000  32.000000       34
 29.000000  32.000000       34
 30.000000  32.000000       34
 31.000000  32.000000       34
 32.000000  32.000000       34
 18.000000  33.000000       28
 19.000000  33.000000       35
 20.000000  33.000000       35
 21.000000  33.000000       35
 22.000000  33.000000       35
 23.000000  33.000000       35
 24.000000  33.000000       35
 25.000000  33.000000       35
 26.000000  33.000000       34
 27.000000  33.000000       34
 28.000000  33.000000       34
 29.000000  33.000000       34
 30.000000  33.000000       34
 20.000000  34.000000       35
 21.000000  34.000000       35
 22.000000  34.000000       35
 23.000000  34.000000       35
 24.000000  34.000000       35
 25.000000  34.000000       35
 26.000000  34.000000       34
 27.000000  34.000000       34
 28.000000  34.000000       34
