 22.000000  12.000000       14
 23.000000  12.000000       14
 24.000000  12.000000       14
 25.000000  12.000000       14
 26.000000  12.000000       14
 20.000000  13.000000       15
 21.000000  13.000000       15
 22.000000  13.000000       14
 23.000000  13.000000       14
 24.000000  13.000000       14
 25.000000  13.000000       14
 26.000000  13.000000       14
 27.000000  13.000000       13
 28.000000  13.000000       13
 18.000000  14.000000       15
 19.000000  14.000000       15
 20.000000  14.000000       15
 21.000000  14.000000       15
 22.000000  14.000000       14
 23.000000  14.000000       14
 24.000000  14.000000       14
 25.000000  14.000000       14
 26.000000  14.000000       11
 27.000000  14.000000       13
 28.000000  14.000000       13
 29.000000  14.000000       13
 30.000000  14.000000       13
 17.000000  15.000000       15
 18.000000  15.000000       15
 19.000000  15.000000       15
 20.000000  15.000000       15
 21.000000  15.000000       15
 22.000000  15.000000       10
 23.000000  15.000000       10
 24.000000  15.000000       10
 25.000000  15.000000       11
 26.000000  15.000000       11
 27.000000  15.000000       11
 28.000000  15.000000       13
 29.000000  15.000000       13
 30.000000  15.000000       13
 31.000000  15.000000       13
 16.000000  16.000000       18
 17.000000  16.000000       18
 18.000000  16.000000       15
 19.000000  16.000000       15
 20.000000  16.000000       15
 21.000000  16.000000       15
 22.000000  16.000000       10
 23.000000  16.000000       10
 24.000000  16.000000       10
 25.000000  16.000000       11
 26.000000  16.000000       11
 27.000000  16.000000       11
 28.000000  16.000000       13
 29.000000  16.000000       13
 30.000000  16.000000       13
 31.000000  16.000000       13
 32.000000  16.000000       35
 16.000000  17.000000       18
 17.000000  17.000000       18
 18.000000  17.000000       18
 19.000000  17.000000       15
 20.000000  17.000000       15
 21.000000  17.000000       15
 22.000000  17.000000       10
 23.000000  17.000000       10
 24.000000  17.000000       10
 25.000000  17.000000        6
 26.000000  17.000000       11
 27.000000  17.000000       11
 28.000000  17.000000       12
 29.000000  17.000000       12
 30.000000  17.000000       12
 31.000000  17.000000       35
 32.000000  17.000000       35
 15.000000  18.000000       18
 16.000000  18.000000       18
 17.000000  18.000000       18
 18.000000  18.000000       18
 19.000000  18.000000       16
 20.000000  18.000000       16
 21.000000  18.000000       16
 22.000000  18.000000        7
 23.000000  18.000000        7
 24.000000  18.000000        6
 25.000000  18.000000        6
 26.000000  18.000000        6
 27.000000  18.000000        5
 28.000000  18.000000       12
 29.000000  18.000000       12
 30.000000  18.000000       12
 31.000000  18.000000       35
 32.000000  18.000000       35
 33.000000  18.000000       35
 15.000000  19.000000       18
 16.000000  19.000000       18
 17.000000  19.000000       18
 18.000000  19.000000       18
 19.000000  19.000000       16
 20.000000  19.000000       16
 21.000000  19.000000       16
 22.000000  19.000000        7
 23.000000  19.000000        7
 24.000000  19.000000        2
 25.000000  19.000000        6
 26.000000  19.000000        5
 27.000000  19.000000        5
 28.000000  19.000000       12
 29.000000  19.000000       12
 30.000000  19.000000       12
 31.000000  19.000000       35
 32.000000  19.000000       35
 33.000000  19.000000       35
 14.000000  20.000000       19
 15.000000  20.000000       19
 16.000000  20.000000       19
 17.000000  20.000000       19
 18.000000  20.000000       19
 19.000000  20.000000       16
 20.000000  20.000000       16
 21.000000  20.000000        8
 22.000000  20.000000        8
 23.000000  20.000000        1
 24.000000  20.000000        2
 25.000000  20.000000        2
 26.000000  20.000000        5
 27.000000  20.000000        5
 28.000000  20.000000        5
 29.000000  20.000000       12
 30.000000  20.000000       12
 31.000000  20.000000       35
 32.000000  20.000000       35
 33.000000  20.000000       35
 34.000000  20.000000       35
 14.000000  21.000000       19
 15.000000  21.000000       19
 16.000000  21.000000       19
 17.000000  21.000000       19
 18.000000  21.000000       19
 19.000000  21.000000       17
 20.000000  21.000000       17
 21.000000  21.000000       17
 22.000000  21.000000        8
 23.000000  21.000000        1
 24.000000  21.000000        0
 25.000000  21.000000        3
 26.000000  21.000000        3
 27.000000  21.000000        3
 33.000000  21.000000       35
 34.000000  21.000000       35
 14.000000  22.000000       19
 15.000000  22.000000       19
 16.000000  22.000000       19
 17.000000  22.000000       19
 18.000000  22.000000       24
 19.000000  22.000000       24
 20.000000  22.000000       17
 21.000000  22.000000       20
 22.000000  22.000000        9
 23.000000  22.000000        9
 24.000000  22.000000        0
 25.000000  22.000000        4
 26.000000  22.000000        4
 15.000000  23.000000       19
 16.000000  23.000000       19
 17.000000  23.000000       24
 18.000000  23.000000       24
 19.000000  23.000000       24
 20.000000  23.000000       20
 21.000000  23.000000       20
 22.000000  23.000000       23
 23.000000  23.000000       21
 24.000000  23.000000       21
 25.000000  23.000000       22
 26.000000  23.000000       22
 15.000000  24.000000       29
 16.000000  24.000000       29
 17.000000  24.000000       29
 18.000000  24.000000       24
 19.000000  24.000000       27
 20.000000  24.000000       27
 21.000000  24.000000       27
 22.000000  24.000000       23
 23.000000  24.000000       25
 24.000000  24.000000       25
 25.000000  24.000000       26
 26.000000  24.000000       26
 15.000000  25.000000       29
 16.000000  25.000000       29
 17.000000  25.000000       29
 18.000000  25.000000       29
 19.000000  25.000000       27
 20.000000  25.000000       27
 21.000000  25.000000       28
 22.000000  25.000000       28
 25.000000  25.000000       26
 26.000000  25.000000       26
 15.000000  26.000000       29
 16.000000  26.000000       29
 17.000000  26.000000       29
 18.000000  26.000000       29
 19.000000  26.000000       29
 20.000000  26.000000       28
 21.000000  26.000000       28
 22.000000  26.000000       28
 25.000000  26.000000       30
 26.000000  26.000000       30
 16.000000  27.000000       29
 17.000000  27.000000       29
 18.000000  27.000000       29
 19.000000  27.000000       31
 20.000000  27.000000       31
 21.000000  27.000000       28
 22.000000  27.000000       32
 23.000000  27.000000       32
 24.000000  27.000000       32
 25.000000  27.000000       30
 26.000000  27.000000       30
 27.000000  27.000000       33
 16.000000  28.000000       29
 17.000000  28.000000       29
 18.000000  28.000000       31
 19.000000  28.000000       31
 20.000000  28.000000       31
 21.000000  28.000000       31
 22.000000  28.000000       32
 23.000000  28.000000       32
 24.000000  28.000000       32
 25.000000  28.000000       34
 26.000000  28.000000       33
 27.000000  28.000000       33
 28.000000  28.000000       33
 29.000000  28.000000       33
 30.000000  28.000000       33
 17.000000  29.000000       31
 18.000000  29.000000       31
 19.000000  29.000000       31
 20.000000  29.000000       31
 21.000000  29.000000       31
 22.000000  29.000000       32
 23.000000  29.000000       32
 24.000000  29.000000       34
 25.000000  29.000000       34
 26.000000  29.000000       33
 27.000000  29.000000       33
 28.000000  29.000000       33
 29.000000  29.000000       33
 30.000000  29.000000       33
 31.000000  29.000000       33
 18.000000  30.000000       31
 19.000000  30.000000       31
 20.000000  30.000000       31
 21.000000  30.000000       31
 22.000000  30.000000       34
 23.000000  30.000000       34
 24.000000  30.000000       34
 25.000000  30.000000       34
 26.000000  30.000000       34
 27.000000  30.000000       33
 28.000000  30.000000       33
 29.000000  30.000000       33
 30.000000  30.000000       33
 20.000000  31.000000       31
 21.000000  31.000000       34
 22.000000  31.000000       34
 23.000000  31.000000       34
 24.000000  31.000000       34
 25.000000  31.000000       34
 26.000000  31.000000       34
 27.000000  31.000000       33
 28.000000  31.000000       33
 22.000000  32.000000       34
 23.000000  32.000000       34
 24.000000  32.000000       34
 25.000000  32.000000       34
 26.000000  32.000000       34
